% Curve 1: Surface, Curve; 
% Length=87.4338; NumberOfSegments=414; FullyAttached=Yes; Closed=Yes; 
% Units: mm
% begin
-0.0301 26.5882 12.5447 
-0.1337 26.5996 12.5547 
-0.1490 26.6014 12.5565 
-0.8750 26.6061 12.6484 
-0.9729 26.6022 12.6611 
-0.9895 26.6016 12.6644 
-1.5593 26.5861 12.7768 
-1.6884 26.5861 12.8020 
-1.7850 26.5868 12.8303 
-2.1813 26.5377 12.9522 
-2.2390 26.5310 12.9755 
-2.5853 26.5267 13.1088 
-2.8298 26.5301 13.2018 
-2.8975 26.5433 13.2254 
-3.2594 26.6142 13.3529 
-3.2982 26.6312 13.3651 
-3.4082 26.6825 13.4112 
-3.5977 26.7814 13.4892 
-3.6303 26.7990 13.5026 
-4.1305 27.0628 13.6913 
-4.1429 27.0660 13.6873 
-4.8317 27.4936 13.9519 
-4.8461 27.5028 13.9588 
-4.9160 27.5482 13.9922 
-5.0003 27.6023 14.0325 
-5.2528 27.8309 14.1501 
-5.3562 27.9389 14.1976 
-5.5309 28.1296 14.2927 
-5.6512 28.2377 14.3603 
-5.6546 28.2415 14.3637 
-5.7374 28.3416 14.4468 
-5.7398 28.3457 14.4512 
-5.8621 28.5164 14.6705 
-5.9476 28.6728 14.8318 
-6.0011 28.8132 14.9948 
-6.0786 29.0142 15.2298 
-6.0881 29.0378 15.2582 
-6.1034 29.1307 15.3873 
-6.1287 29.2389 15.5586 
-6.1622 29.3187 15.7267 
-6.1629 29.3222 15.7351 
-6.1907 29.4400 16.0330 
-6.2321 29.6168 16.4786 
-6.2321 29.6240 16.4989 
-6.2581 29.7505 16.9440 
-6.2589 29.7680 17.0571 
-6.2782 29.8156 17.3009 
-6.3049 29.8495 17.5492 
-6.3076 29.8528 17.5734 
-6.3697 29.8734 18.0024 
-6.3946 29.8673 18.1407 
-6.4328 29.8556 18.3782 
-6.4547 29.8409 18.4887 
-6.4774 29.8366 18.5579 
-6.5123 29.8133 18.6274 
-6.5242 29.8066 18.6491 
-6.7842 29.6971 19.2302 
-6.8245 29.6725 19.2989 
-6.8945 29.6016 19.4529 
-6.9415 29.5530 19.5299 
-6.9549 29.5340 19.5561 
-7.2887 29.0950 19.9706 
-7.2926 29.0901 19.9744 
-7.3059 29.0697 19.9884 
-7.3985 28.9025 20.1102 
-7.6268 28.5642 20.3819 
-7.6509 28.5121 20.4172 
-7.6993 28.3929 20.5211 
-7.7715 28.2048 20.7001 
-7.7745 28.1960 20.7098 
-7.7938 28.1185 20.7896 
-7.8525 27.7536 21.2623 
-7.8532 27.7475 21.2700 
-7.8671 27.6802 21.3388 
-7.9171 27.4857 21.5116 
-7.9279 27.4426 21.5496 
-8.0630 27.0116 21.8525 
-8.1115 26.8646 21.9487 
-8.1204 26.8361 21.9670 
-8.1338 26.7827 22.0104 
-8.2786 26.2547 22.4065 
-8.2803 26.2475 22.4117 
-8.3070 26.1453 22.4741 
-8.3672 25.8595 22.7020 
-8.3728 25.8070 22.7642 
-8.3892 25.6379 22.9637 
-8.4404 25.2755 23.1547 
-8.4448 25.2428 23.1757 
-8.4410 24.8758 23.4137 
-8.4408 24.7903 23.4785 
-8.4408 24.7883 23.4803 
-8.4312 24.7099 23.5504 
-8.4027 24.4889 23.7307 
-8.3849 24.3865 23.8153 
-8.3589 24.1912 24.0364 
-8.2936 23.8264 24.3249 
-8.2925 23.7843 24.3552 
-8.2910 23.7668 24.3639 
-8.2827 23.7019 24.3868 
-8.2984 23.3008 24.5059 
-8.2977 23.0608 24.5292 
-8.2995 23.0072 24.5439 
-8.3181 22.6537 24.6403 
-8.3369 22.2508 24.6978 
-8.3377 22.2366 24.7033 
-8.3356 21.8119 24.8660 
-8.3366 21.4993 24.9545 
-8.3269 21.4301 24.9727 
-8.2681 21.0700 25.1374 
-8.2524 20.9904 25.1971 
-8.1875 20.7538 25.3751 
-8.1756 20.7096 25.4069 
-8.1548 20.6539 25.4473 
-8.1079 20.5287 25.5394 
-8.0834 20.4692 25.5833 
-8.0229 20.3345 25.7118 
-7.9385 20.1440 25.8935 
-7.9352 20.1359 25.9002 
-7.8834 20.0035 26.0108 
-7.8344 19.8845 26.1201 
-7.7252 19.6119 26.3708 
-7.6853 19.5220 26.4701 
-7.6673 19.4851 26.5176 
-7.6071 19.3590 26.6796 
-7.5742 19.2879 26.7657 
-7.5003 19.1277 26.9596 
-7.4424 18.9955 27.1011 
-7.4390 18.9879 27.1097 
-7.3152 18.7232 27.4120 
-7.2991 18.6852 27.4435 
-7.1776 18.4512 27.6403 
-7.0965 18.2899 27.7614 
-7.0870 18.2743 27.7731 
-6.8498 17.8738 28.0411 
-6.7798 17.7577 28.1241 
-6.6271 17.5972 28.2441 
-6.5882 17.5606 28.2809 
-6.5361 17.5307 28.3125 
-6.4007 17.4506 28.3914 
-6.2171 17.3489 28.5073 
-6.1610 17.3298 28.5326 
-5.8627 17.1906 28.6095 
-5.7544 17.1803 28.6144 
-5.7223 17.1515 28.5763 
-5.6647 17.1480 28.4803 
-5.6386 17.1696 28.5631 
-5.5774 17.2226 28.6201 
-5.4360 17.4828 28.7336 
-5.3977 17.5954 28.7586 
-5.3747 17.6177 28.7595 
-4.7673 18.2059 28.7832 
-4.5678 18.2000 28.7447 
-4.5324 18.2022 28.7342 
-4.1440 18.3348 28.4967 
-4.0656 18.3409 28.4265 
-3.9092 18.3522 28.2880 
-3.9058 18.3525 28.2850 
-3.8830 18.3605 28.2556 
-3.5337 18.3290 27.9311 
-3.3754 18.3110 27.7940 
-3.2427 18.3009 27.6818 
-3.1836 18.3160 27.6427 
-3.1669 18.3212 27.6294 
-3.0848 18.3488 27.5653 
-3.0385 18.3660 27.5255 
-2.8557 18.4448 27.3739 
-2.6888 18.5259 27.2403 
-2.6520 18.5478 27.2127 
-2.4927 18.6454 27.0888 
-2.2373 18.7950 26.8862 
-2.1910 18.8221 26.8495 
-1.8903 19.0098 26.6176 
-1.8574 19.0299 26.5920 
-1.7396 19.0924 26.5143 
-1.5714 19.1701 26.3965 
-1.3365 19.2474 26.2815 
-1.1907 19.2963 26.2106 
-1.1279 19.3157 26.1791 
-1.0956 19.3193 26.1731 
-0.8371 19.3463 26.1237 
-0.4969 19.3014 26.1858 
-0.4091 19.2729 26.2285 
-0.3540 19.2504 26.2529 
-0.2856 19.2288 26.2867 
0.1592 19.0732 26.4975 
0.1838 19.0671 26.5105 
0.4382 18.9717 26.7135 
0.5234 18.9354 26.7792 
0.6213 18.8792 26.8805 
1.1239 18.7038 27.4616 
1.1469 18.7033 27.4921 
1.3043 18.7055 27.6709 
1.6052 18.6511 27.9918 
1.7891 18.6100 28.2264 
1.9608 18.4933 28.3695 
2.1374 18.3370 28.4223 
2.2777 18.2094 28.4678 
2.3965 18.0682 28.4857 
2.4439 18.0220 28.4991 
2.5664 17.9615 28.4920 
2.6954 17.8775 28.4650 
2.8131 17.8381 28.4073 
2.8962 17.7804 28.3644 
3.3440 18.0324 28.1681 
3.3980 18.0512 28.1431 
3.5977 18.1371 27.9965 
3.7965 18.2154 27.8493 
3.8903 18.2565 27.7663 
4.3035 18.3452 27.3807 
4.3081 18.3458 27.3763 
4.3129 18.3459 27.3717 
4.3644 18.3397 27.3198 
4.6970 18.3049 26.9289 
4.7833 18.3125 26.8323 
4.9105 18.3226 26.6973 
5.1607 18.3568 26.4368 
5.2291 18.3508 26.3601 
5.3211 18.3421 26.2600 
5.7787 18.3122 25.7680 
5.8596 18.3143 25.6841 
6.0231 18.3120 25.5471 
6.0513 18.3086 25.5222 
6.0943 18.3024 25.4890 
6.3780 18.2150 25.2538 
6.4405 18.1956 25.2113 
6.7135 18.1574 25.0435 
6.9882 17.9841 24.8228 
7.1147 17.9045 24.7199 
7.3677 17.7628 24.5242 
7.4396 17.7182 24.4661 
7.4811 17.6960 24.4192 
8.0790 17.5327 24.0941 
8.2106 17.4925 24.0047 
8.2195 17.4897 23.9993 
8.2776 17.4750 23.9599 
9.0808 17.2182 23.5460 
9.1145 17.2112 23.5318 
9.1620 17.2018 23.5111 
9.2993 17.1853 23.4573 
9.7951 17.1072 23.2650 
9.7971 17.1070 23.2642 
10.3073 17.0418 23.0428 
10.3895 17.0289 23.0048 
10.4733 17.0206 22.9601 
11.0202 16.9415 22.6409 
11.1614 16.9319 22.5705 
11.3078 16.9283 22.4912 
11.5453 16.9559 22.3637 
11.5874 16.9623 22.3460 
11.6921 16.9820 22.2990 
11.9812 17.0549 22.1931 
12.1159 17.0971 22.1361 
12.7695 17.5319 22.1114 
12.7903 17.5510 22.1068 
12.7911 17.5517 22.1069 
12.7921 17.5530 22.1076 
12.8513 17.6148 22.1281 
13.3492 18.2203 22.2604 
13.3998 18.2881 22.2788 
13.4026 18.2920 22.2797 
13.6135 18.5245 22.3197 
13.7611 18.6837 22.3371 
13.7636 18.6873 22.3381 
13.7765 18.7060 22.3426 
13.9115 18.8330 22.3506 
14.2586 19.1489 22.3650 
14.2948 19.1876 22.3698 
14.3434 19.2388 22.3768 
14.6391 19.5656 22.4297 
14.7284 19.6655 22.4465 
14.9136 19.8786 22.4775 
15.1457 20.1885 22.5462 
15.1676 20.2187 22.5522 
15.2848 20.3528 22.5623 
15.6257 20.7327 22.5832 
15.6730 20.8048 22.6021 
15.8928 21.1427 22.6895 
16.0049 21.2435 22.6836 
16.1347 21.4241 22.6592 
16.3940 21.7534 22.5665 
16.6049 22.0978 22.5198 
16.6277 22.1354 22.4759 
16.7030 22.1998 22.4122 
16.7345 22.2310 22.3798 
16.8099 22.3192 22.2924 
17.1409 22.5641 21.9432 
17.1519 22.5714 21.9336 
17.4238 22.6833 21.6753 
17.4797 22.7442 21.6494 
17.5146 22.8003 21.5877 
17.5351 22.8706 21.5386 
17.6214 23.0305 21.4569 
17.6819 23.2014 21.4083 
17.6853 23.2117 21.4052 
17.8241 23.6106 21.2719 
17.8334 23.6294 21.2618 
17.9022 23.8141 21.1484 
17.9169 23.8489 21.1243 
17.9477 23.9540 21.0428 
18.0817 24.2938 20.7079 
18.0842 24.3030 20.7012 
18.1157 24.4338 20.6039 
18.1396 24.5755 20.5186 
18.1400 24.6048 20.5097 
18.0882 24.8780 20.3866 
18.0574 25.1194 20.2983 
18.0593 25.1461 20.2766 
18.0588 25.1809 20.2455 
18.0274 25.6986 19.8260 
18.0198 25.7564 19.7869 
17.9704 26.0305 19.5904 
17.9710 26.2033 19.4227 
17.9608 26.2954 19.3480 
17.8916 26.5559 19.1164 
17.8811 26.6680 18.9784 
17.8519 26.7556 18.8619 
17.7945 26.9238 18.6132 
17.7519 27.0384 18.3734 
17.7362 27.0756 18.2586 
17.5724 27.2756 17.6071 
17.5452 27.3049 17.4957 
17.5368 27.3073 17.4564 
17.4765 27.3067 17.4014 
17.1835 27.2689 16.5503 
17.1640 27.2653 16.5067 
16.8169 27.2686 15.7883 
16.7020 27.2574 15.6208 
16.6264 27.2413 15.5043 
16.5162 27.2168 15.3335 
16.3323 27.1776 15.0377 
16.2342 27.1507 14.8761 
15.9340 27.0682 14.5300 
15.9182 27.0677 14.5094 
15.8320 27.0650 14.4122 
15.8212 27.0652 14.3973 
15.8029 27.0654 14.3720 
15.5401 27.0183 14.0693 
15.1531 26.8800 13.7044 
15.0675 26.8763 13.6559 
14.7740 26.8438 13.5155 
14.5164 26.8072 13.3843 
14.3972 26.7826 13.3157 
14.3043 26.7571 13.2698 
14.2609 26.7489 13.2520 
13.6696 26.6295 13.0185 
13.6327 26.6164 13.0048 
13.6248 26.6131 13.0015 
13.6168 26.6170 13.0038 
13.5319 26.6061 13.0182 
12.9644 26.5940 12.9232 
12.9547 26.5938 12.9215 
12.8011 26.5784 12.8890 
12.5036 26.5471 12.8254 
12.1170 26.5488 12.7618 
11.9663 26.5634 12.7433 
11.4985 26.6109 12.6797 
11.3479 26.5846 12.6362 
11.3277 26.5814 12.6299 
10.5747 26.6639 12.6029 
10.5333 26.6622 12.6098 
10.5137 26.6614 12.6131 
10.5023 26.6546 12.6162 
10.5024 26.6613 12.6128 
9.7450 26.6699 12.5694 
9.7412 26.6697 12.5695 
9.6997 26.6611 12.5794 
9.3857 26.6314 12.5510 
9.3167 26.6237 12.5453 
8.9702 26.5838 12.5144 
8.9689 26.5836 12.5143 
8.7397 26.5409 12.4821 
8.4416 26.4727 12.4249 
8.3788 26.4621 12.4174 
8.3593 26.4586 12.4152 
7.6393 26.3871 12.3830 
7.6107 26.3860 12.3833 
7.5963 26.3853 12.3836 
7.2143 26.3449 12.3664 
6.8485 26.3006 12.3472 
6.8195 26.2973 12.3457 
6.8001 26.2951 12.3447 
6.6482 26.2646 12.3235 
6.2594 26.1679 12.2513 
6.2538 26.1664 12.2503 
6.2117 26.1540 12.2413 
5.9550 26.1144 12.2201 
5.7592 26.0785 12.1903 
5.7365 26.0761 12.1888 
5.6836 26.0694 12.1867 
5.0863 25.9938 12.1622 
5.0186 25.9893 12.1628 
4.8880 25.9863 12.1567 
4.3469 25.9632 12.1864 
4.2969 25.9684 12.1937 
4.0379 25.9984 12.2275 
3.6956 26.0453 12.2777 
3.6495 26.0548 12.2869 
3.4379 26.0998 12.3272 
3.3322 26.1128 12.3419 
3.2983 26.1184 12.3475 
2.7662 26.2220 12.3943 
2.7278 26.2204 12.3955 
2.7193 26.2212 12.3960 
2.6983 26.2232 12.3971 
2.4875 26.2799 12.4139 
1.9877 26.3956 12.4507 
1.9840 26.3962 12.4510 
1.5652 26.4663 12.4576 
1.3160 26.4901 12.4562 
1.2977 26.4887 12.4562 
1.2624 26.4851 12.4507 
0.6588 26.5806 12.4630 
0.6352 26.5849 12.4650 
0.2865 26.6164 12.5088 
-0.0301 26.5882 12.5447 
% end
