% Curve 1: 093207, Curve; 
% Length=51.3019; NumberOfSegments=258; FullyAttached=Yes; Closed=Yes; 
% Units: mm
% begin
6.4713 25.4385 8.3771 
6.6848 25.4503 8.3856 
6.8106 25.4567 8.3959 
7.3524 25.5818 8.4568 
7.4723 25.6105 8.4705 
7.5322 25.6480 8.4812 
7.6937 25.7483 8.5172 
7.7580 25.7914 8.5101 
7.8248 25.8364 8.5027 
7.9744 25.8766 8.5335 
8.0433 25.8987 8.5631 
8.2717 25.9874 8.6463 
8.4050 26.0345 8.6906 
8.4630 26.0399 8.7042 
8.5816 26.0748 8.7259 
8.9528 26.1592 8.7574 
9.0203 26.1744 8.7632 
9.2338 26.3047 8.9635 
9.3774 26.3625 9.0520 
9.4807 26.3948 9.0878 
9.4963 26.4104 9.1051 
9.6791 26.5981 9.2485 
9.7494 26.6635 9.3003 
9.8000 26.7123 9.3314 
9.8188 26.7288 9.3424 
10.1496 26.7970 9.4514 
10.2146 26.8082 9.4845 
10.2765 26.8188 9.5169 
10.5979 26.8540 9.6817 
10.6042 26.8550 9.6850 
10.6625 26.8638 9.7227 
10.7486 26.8709 9.7776 
10.9284 26.8844 9.9237 
11.1895 26.9319 10.1388 
11.3822 26.9678 10.3156 
11.5667 26.9595 10.4890 
11.9467 26.9834 10.8421 
12.1638 27.0056 11.0928 
12.2732 27.0099 11.2220 
12.4037 27.0424 11.3653 
12.4376 27.0558 11.4176 
12.6568 27.1455 11.7540 
12.6718 27.1561 11.7895 
12.8341 27.1417 12.2510 
12.8878 27.1292 12.4086 
13.0606 27.1393 13.0011 
13.0828 27.1345 13.0587 
13.0891 27.1383 13.0848 
13.2145 27.1822 13.6659 
13.2211 27.1867 13.6924 
13.2250 27.2094 13.8013 
13.2818 27.1038 14.3097 
13.2828 27.1030 14.3191 
13.2757 27.0985 14.3697 
13.3714 26.8627 14.7589 
13.3656 26.8398 14.7575 
13.3662 26.8342 14.7888 
13.5322 26.6324 15.4634 
13.5325 26.6314 15.4685 
13.5347 26.6078 15.5699 
13.5991 26.4889 16.0219 
13.6015 26.4792 16.0525 
13.6146 26.4165 16.2595 
13.6218 26.4021 16.2878 
13.6944 26.2335 16.6003 
13.7164 26.1724 16.7306 
13.7197 26.1605 16.7545 
13.7673 26.0053 17.0531 
13.8160 25.8402 17.3298 
13.8162 25.8348 17.3485 
13.8176 25.8263 17.3799 
13.8338 25.7538 17.5985 
13.8341 25.7521 17.6033 
13.8348 25.7066 17.7804 
13.8427 25.6281 18.0439 
13.8526 25.5944 18.1155 
13.8593 25.5681 18.1698 
13.9454 25.3049 18.6465 
13.9690 25.2097 18.7929 
13.9697 25.2047 18.8064 
13.9696 25.1999 18.8185 
13.9667 25.1606 18.9252 
13.9638 25.1200 19.0354 
13.9604 25.1093 19.0612 
13.9062 25.0199 19.3685 
13.8760 24.9730 19.5354 
13.8430 24.9353 19.6499 
13.7569 24.8184 19.9655 
13.7544 24.8121 19.9774 
13.6285 24.5777 20.3808 
13.6082 24.5333 20.4502 
13.5910 24.4835 20.5177 
13.5681 24.4398 20.5683 
13.4910 24.2533 20.7565 
13.4857 24.2375 20.7706 
13.3529 23.8835 21.0654 
13.3068 23.7631 21.1667 
13.2897 23.7097 21.2074 
13.2852 23.6980 21.2153 
13.2161 23.5370 21.3304 
13.1806 23.4557 21.3893 
13.1638 23.4230 21.4101 
13.0720 23.2621 21.5221 
12.9706 23.0860 21.6458 
12.8723 22.9277 21.7491 
12.7936 22.8207 21.8320 
12.7836 22.8080 21.8413 
12.7128 22.6968 21.9058 
12.5404 22.4365 22.0637 
12.5318 22.4193 22.0712 
12.4323 22.2276 22.1520 
12.2697 22.0323 22.2831 
12.2466 21.9800 22.3018 
12.1454 21.7347 22.4008 
12.1336 21.7092 22.4119 
12.1281 21.6970 22.4174 
12.1088 21.6468 22.4378 
12.0108 21.4097 22.5387 
11.9845 21.3119 22.5715 
11.8955 21.0075 22.6602 
11.8689 20.9010 22.6887 
11.8599 20.8669 22.6966 
11.8757 20.3056 22.7592 
11.9172 20.1097 22.7659 
11.9323 20.0407 22.7695 
11.9053 19.4174 22.8501 
11.9116 19.3472 22.8563 
11.9049 19.3019 22.8626 
11.8100 19.0393 22.9535 
11.6989 18.9872 22.9393 
11.2246 18.6037 22.8630 
11.1853 18.5815 22.8578 
10.8826 18.4061 22.8419 
10.6459 18.1375 22.8122 
10.6323 18.1231 22.8092 
10.4976 17.9588 22.7659 
10.3810 17.8094 22.7243 
10.3722 17.7955 22.7197 
10.3505 17.7676 22.7044 
10.2706 17.6668 22.6498 
10.0247 17.3916 22.5147 
9.9927 17.3600 22.4956 
9.8324 17.2371 22.4407 
9.7880 17.2152 22.4188 
9.3532 17.1126 22.3786 
9.3313 17.1080 22.3773 
9.2426 17.0681 22.3847 
8.8559 17.0817 22.4641 
8.7904 17.0918 22.4720 
8.5083 17.1476 22.4929 
8.3130 17.1638 22.4613 
8.1800 17.2083 22.4617 
7.9756 17.2913 22.4383 
7.8895 17.3012 22.4178 
7.7778 17.3526 22.4077 
7.6583 17.4093 22.3934 
7.5244 17.4089 22.3674 
7.3889 17.4086 22.3501 
6.8211 17.7247 22.1607 
6.7963 17.7414 22.1530 
6.7720 17.7639 22.1453 
6.7595 17.7758 22.1400 
6.4564 18.0575 22.0125 
6.4502 18.0633 22.0096 
6.3542 18.1640 21.9611 
6.1308 18.4134 21.8468 
6.1023 18.4454 21.8309 
5.8346 18.7200 21.6861 
5.8039 18.7403 21.6713 
5.5386 18.9150 21.5537 
5.4718 18.9955 21.5151 
5.3945 19.0886 21.4826 
5.3332 19.1844 21.4513 
5.3140 19.2507 21.4324 
5.1726 19.7321 21.2491 
5.1581 19.7766 21.2321 
5.1562 19.7827 21.2298 
5.1500 19.8012 21.2217 
4.9465 20.4404 20.9398 
4.9299 20.4900 20.9128 
4.7888 20.9940 20.6371 
4.7568 21.1033 20.5685 
4.7188 21.2142 20.5017 
4.6937 21.2744 20.4479 
4.4722 21.7383 20.1323 
4.3912 21.8997 19.9957 
4.2637 22.0966 19.8242 
4.1647 22.2489 19.6889 
4.0417 22.4432 19.5171 
3.9709 22.5557 19.4212 
3.7871 23.0267 18.9397 
3.7736 23.1687 18.7979 
3.7651 23.2577 18.7094 
3.6453 23.7497 18.1871 
3.6039 23.8468 18.0761 
3.5591 23.9523 17.9352 
3.3809 24.2804 17.4703 
3.3542 24.4131 17.3128 
3.3242 24.5941 17.0771 
3.3014 24.6900 16.9458 
3.2818 24.7971 16.7791 
3.2677 24.9781 16.5207 
3.2811 25.0320 16.4651 
3.3501 25.2426 16.2243 
3.3567 25.2653 16.1789 
3.3541 25.3228 16.1220 
3.3236 25.4503 15.9011 
3.3195 25.4625 15.8803 
3.3050 25.5380 15.7288 
3.3286 25.6397 15.5371 
3.3428 25.7431 15.2235 
3.3348 25.7642 15.1472 
3.2666 25.9044 14.7820 
3.2176 25.9347 14.7126 
3.1897 25.9440 14.6513 
3.1742 25.9469 14.5621 
3.1285 25.9558 14.2958 
3.1117 25.9576 14.1599 
3.0597 25.9468 13.7928 
3.0391 25.9394 13.6575 
3.0243 25.9288 13.5135 
2.9800 25.8987 13.0734 
2.9715 25.8943 12.9812 
2.9663 25.8856 12.8542 
2.9483 25.8577 12.3697 
2.9461 25.8549 12.2974 
2.9505 25.8462 12.1576 
2.9605 25.8067 11.6965 
2.9591 25.7948 11.6349 
2.9772 25.7261 11.3364 
2.9918 25.6911 11.1512 
2.9964 25.6841 11.1196 
3.0074 25.5924 10.9263 
2.9727 25.4510 10.6433 
2.9199 25.4360 10.5772 
2.8834 25.4257 10.5316 
2.8501 25.4212 10.3874 
2.8283 25.3211 10.2231 
2.8897 25.2759 10.1013 
2.9719 25.1645 9.8473 
3.0450 25.0501 9.6980 
3.1403 25.0163 9.6138 
3.4380 24.9540 9.3926 
3.7736 24.9600 9.2165 
3.8974 24.9819 9.1705 
4.1527 25.0433 9.0535 
4.4142 25.1095 8.9360 
4.5878 25.1748 8.8732 
4.7350 25.2298 8.8206 
5.1787 25.4073 8.6694 
5.1811 25.4082 8.6685 
5.2602 25.4392 8.6414 
5.4553 25.4380 8.5489 
5.6551 25.4359 8.4863 
5.8964 25.3789 8.4031 
5.9238 25.3817 8.3948 
6.1384 25.3939 8.3671 
6.1892 25.4023 8.3619 
6.4713 25.4385 8.3771 
% end
