% Curve 1: 104375, Curve; 
% Length=53.3772; NumberOfSegments=160; FullyAttached=Yes; Closed=Yes; 
% Units: mm
% begin
-6.0668 16.9165 24.0340 
-6.3683 17.2358 23.9390 
-6.6339 17.4198 23.9037 
-7.1123 17.7840 23.8033 
-7.3845 18.1593 23.5567 
-7.4492 18.3818 23.5177 
-7.6824 19.0401 23.4223 
-7.7322 19.2535 23.3685 
-7.7388 19.2726 23.3646 
-7.7685 19.3969 23.3319 
-7.8436 19.6875 23.1711 
-7.8590 19.7315 23.1028 
-8.0781 20.0792 22.7504 
-8.0995 20.1372 22.7072 
-8.1656 20.3327 22.5534 
-8.2033 20.6244 22.3897 
-8.2737 21.2741 22.0077 
-8.2791 21.3063 22.0009 
-8.2810 21.3172 21.9986 
-8.2853 22.4552 21.4601 
-8.2858 22.4815 21.4483 
-8.2561 22.9917 21.2443 
-8.1959 23.4166 21.0984 
-8.1762 23.5438 21.0560 
-8.0274 24.3855 20.7430 
-8.0234 24.3932 20.7357 
-8.0113 24.4179 20.7128 
-8.0112 24.4192 20.7122 
-8.0111 24.4205 20.7115 
-8.0063 24.4375 20.7062 
-7.8707 25.0793 20.5368 
-7.7321 25.5860 20.3628 
-7.7278 25.5989 20.3573 
-7.7116 25.6662 20.3251 
-7.4676 26.3754 20.0323 
-7.4245 26.4843 19.9777 
-7.3427 26.8142 19.7483 
-7.3781 26.8756 19.6483 
-7.4276 26.9601 19.4485 
-7.4416 26.9808 19.3977 
-7.4511 26.9791 19.1741 
-7.4487 26.9809 19.1557 
-7.2417 26.8554 18.4841 
-7.0935 26.8433 18.2790 
-7.0421 26.8429 18.1994 
-6.9476 26.8088 18.0008 
-6.5462 26.7461 17.2860 
-6.4608 26.7269 17.1496 
-6.1627 26.7490 16.8001 
-5.7853 26.7690 16.3463 
-5.7310 26.7672 16.2889 
-5.5342 26.7857 16.1118 
-5.5187 26.7860 16.0997 
-5.0411 26.7926 15.7248 
-4.9889 26.7916 15.6820 
-4.4365 26.7761 15.2371 
-4.1290 26.6240 14.8513 
-3.9660 26.5375 14.7175 
-3.7369 26.3893 14.5170 
-3.7215 26.3809 14.5043 
-3.1970 26.0788 14.1755 
-2.9078 25.8923 13.9873 
-2.7670 25.8019 13.9392 
-2.6066 25.7126 13.8870 
-2.3938 25.5577 13.8109 
-2.2069 25.4166 13.7984 
-1.7856 25.0478 13.7625 
-1.7126 24.9788 13.7726 
-1.0694 24.5831 13.8883 
-1.0493 24.5693 13.8967 
-0.6782 24.2702 14.0289 
-0.6572 24.2361 14.0470 
-0.6059 24.1765 14.0649 
-0.3962 23.9869 14.1521 
-0.3379 23.9345 14.1756 
-0.1217 23.6738 14.2521 
-0.1061 23.6551 14.2574 
0.3435 23.1585 14.4122 
0.3867 23.0815 14.4264 
0.4044 23.0493 14.4341 
0.5103 22.9701 14.4650 
1.5193 22.3130 14.7464 
1.5662 22.2620 14.7622 
1.9251 21.8755 14.9390 
2.2278 21.5170 15.1043 
2.2419 21.3461 15.1433 
2.2586 21.2127 15.1586 
2.5484 20.6187 15.3431 
2.5758 20.5444 15.3785 
2.9990 19.9928 15.6625 
3.0611 19.9509 15.6374 
3.4285 19.6039 15.4858 
4.1021 19.2832 16.3719 
4.1677 19.2428 16.4767 
4.2540 19.2804 16.7769 
4.3062 19.3031 16.9588 
4.4946 19.3837 17.5278 
4.5037 19.3941 17.5641 
4.6896 19.5500 18.4406 
4.7077 19.6701 18.6864 
4.7116 19.8330 19.0469 
4.7462 19.9355 19.5774 
4.7475 19.9398 19.5948 
4.7233 19.9968 20.0530 
4.7105 20.0338 20.3975 
4.6950 20.0390 20.5359 
4.6970 19.9772 21.3487 
4.6874 19.9349 21.5042 
4.6970 19.8807 21.6299 
4.6831 19.8898 21.7221 
4.6676 19.8927 21.7787 
4.5243 20.0778 22.6932 
4.5039 20.0824 22.8678 
4.4922 20.0894 23.0623 
4.4468 20.1860 23.6925 
4.4404 20.1852 23.8071 
4.4155 20.1826 24.1666 
4.3749 20.1353 24.5702 
4.3605 20.1192 24.6557 
4.3564 20.1024 24.7118 
4.3246 19.9821 25.1106 
4.3229 19.8872 25.2497 
4.3240 19.8606 25.2765 
4.3251 19.4478 25.6866 
4.3272 19.3842 25.7389 
4.2864 19.1383 25.9247 
4.2789 19.0655 25.9651 
4.2600 18.9882 26.0036 
4.0544 18.3382 26.4340 
4.0374 18.2932 26.4701 
4.0206 18.2618 26.4930 
3.9693 18.1811 26.5686 
3.7205 17.6649 26.8901 
3.7076 17.6140 26.9247 
3.6414 17.5695 26.9411 
3.2439 17.3904 27.0504 
2.6351 17.1692 27.2436 
2.4043 17.0972 27.3198 
2.3063 17.0793 27.3308 
2.0718 17.0115 27.3435 
1.4764 16.9039 27.2656 
1.0436 16.8707 27.2271 
0.2969 16.6809 27.1075 
-0.1306 16.5781 27.0104 
-0.2961 16.5556 26.9775 
-1.2177 16.4744 26.8064 
-1.5798 16.4523 26.7030 
-2.0323 16.4251 26.5739 
-2.0505 16.4227 26.5683 
-2.4606 16.3813 26.3941 
-2.7439 16.3396 26.2579 
-2.7849 16.3342 26.2393 
-3.0446 16.3062 26.1055 
-3.7037 16.1754 25.7401 
-3.7552 16.1662 25.7060 
-4.2109 16.1804 25.4383 
-4.5220 16.1961 25.2578 
-4.8633 16.2538 24.9203 
-5.4217 16.5455 24.4927 
-5.8711 16.7777 24.1518 
-6.0668 16.9165 24.0340 
% end
