% Curve 1: Surface, Curve; 
% Length=87.3077; NumberOfSegments=318; FullyAttached=Yes; Closed=Yes; 
% Units: mm
% begin
-0.5214 22.5437 7.2472 
-0.5104 22.5394 7.2476 
-0.4607 22.5189 7.2511 
0.2329 22.3019 7.3230 
0.2840 22.2874 7.3403 
0.3688 22.2710 7.3543 
0.7601 22.3223 7.4800 
0.7893 22.3664 7.5266 
0.8220 22.4196 7.5631 
0.9672 22.4661 7.5504 
1.3955 22.4985 7.6150 
1.5376 22.4379 7.6605 
1.8239 22.3472 7.8329 
1.8542 22.3060 7.8841 
1.8871 22.2621 7.9198 
2.1673 21.9665 8.0257 
2.1808 21.9159 8.0222 
2.1966 21.8836 8.0134 
2.4008 21.7069 8.0742 
2.4379 21.6684 8.0909 
2.4516 21.6560 8.0981 
2.7864 21.3730 8.3136 
2.9502 21.3818 8.4576 
2.9918 21.4165 8.5195 
3.0273 21.4482 8.5878 
3.0812 21.5023 8.7358 
3.0748 21.5289 8.7524 
3.0205 21.6088 8.8337 
3.0807 21.5900 8.9420 
3.2049 21.6388 9.0169 
3.3389 21.5111 9.0229 
3.3781 21.4619 9.0403 
3.4838 21.2666 9.0834 
3.5136 21.2020 9.0949 
3.6023 21.0108 9.1273 
3.6081 21.0014 9.1295 
3.7291 20.8192 9.1512 
3.8330 20.5673 9.1009 
3.8442 20.5365 9.0967 
4.1203 20.1557 9.1121 
4.1878 20.0907 9.1481 
4.4627 19.8607 9.2429 
4.4902 19.8243 9.2724 
4.5571 19.7372 9.3376 
4.5933 19.6957 9.3459 
4.7036 19.6371 9.3611 
5.1501 19.3604 9.4777 
5.1931 19.3452 9.4880 
5.4956 19.2325 9.6007 
5.5170 19.2219 9.6264 
5.7453 19.0439 9.7311 
5.8630 18.9789 9.7614 
6.5321 18.6316 10.0051 
6.5648 18.6026 10.0214 
6.6571 18.5650 10.0457 
7.3095 18.2240 10.2547 
7.3621 18.2100 10.2649 
7.5825 18.1585 10.3258 
8.0310 18.0428 10.4547 
8.0987 18.0277 10.4799 
8.6580 18.0016 10.6173 
8.8243 17.9816 10.6770 
8.8809 17.9779 10.6924 
8.9170 17.9757 10.7026 
9.5252 17.9761 10.8433 
9.5570 17.9761 10.8506 
9.8591 18.0047 10.8996 
10.2792 18.0075 10.9941 
10.3256 18.0102 11.0089 
10.8199 18.0725 11.1352 
11.0183 18.1221 11.1869 
11.1512 18.1556 11.2220 
11.8272 18.3738 11.3746 
12.0221 18.4234 11.4258 
12.1161 18.4515 11.4587 
13.0358 18.8295 11.7438 
13.0525 18.8350 11.7494 
13.1057 18.8477 11.7539 
13.1657 18.8615 11.7753 
13.7615 18.9918 12.0351 
13.9785 19.0470 12.1465 
14.5938 19.1204 12.5526 
14.7094 19.0931 12.6593 
14.7148 19.0905 12.6827 
15.0879 19.0605 12.8608 
15.4134 19.0281 13.1404 
15.4454 19.0246 13.1643 
15.4480 19.0251 13.1663 
15.4856 19.0339 13.1792 
15.9720 19.1185 13.5502 
16.0233 19.1485 13.6055 
16.3010 19.3146 13.9355 
16.3572 19.3423 14.0001 
16.4636 19.3969 14.1744 
16.7173 19.5117 14.5821 
16.7348 19.5199 14.6177 
16.8957 19.6996 15.0274 
17.0528 19.8132 15.3789 
17.3554 20.0442 16.3052 
17.3670 20.0522 16.3240 
17.3774 20.0594 16.3408 
17.4400 20.0925 16.5052 
17.4504 20.0984 16.5333 
17.4530 20.0997 16.5420 
17.4670 20.1244 16.6309 
17.6250 20.3538 17.5197 
17.6265 20.3566 17.5360 
17.6694 20.4872 18.1772 
17.6890 20.5289 18.4036 
17.6941 20.5674 18.7679 
17.7088 20.6200 19.3285 
17.7068 20.6236 19.4134 
17.8136 20.5118 19.6536 
17.8353 20.4654 19.8345 
17.8178 20.3903 20.0324 
17.7998 20.3723 20.1400 
17.7102 20.3266 20.3120 
17.7036 20.3181 20.3671 
17.6530 20.2285 20.4518 
17.4504 19.8598 20.6858 
17.4421 19.8450 20.6951 
17.1234 19.4584 21.0716 
17.0533 19.3272 21.1697 
17.0486 19.3186 21.1748 
16.6631 18.7206 21.5078 
16.4958 18.4318 21.6464 
16.4730 18.3951 21.6658 
16.4610 18.3748 21.6773 
16.4177 18.3141 21.7270 
16.0101 17.6213 22.1119 
15.8063 17.2838 22.2961 
15.7173 17.1427 22.3781 
15.7064 17.1261 22.3874 
15.3853 16.6326 22.6582 
15.2810 16.5018 22.7562 
14.9785 16.1308 23.0316 
14.9044 16.0227 23.0938 
14.8645 15.9758 23.1308 
14.8414 15.9513 23.1488 
14.6526 15.7602 23.2992 
14.2334 15.3247 23.6299 
14.2089 15.2999 23.6484 
13.9768 15.1184 23.8398 
13.6286 14.8301 24.1221 
13.5168 14.7418 24.2057 
13.0970 14.4173 24.5218 
13.0584 14.3892 24.5481 
12.9289 14.3186 24.6359 
12.5806 14.1020 24.8937 
12.5451 14.0832 24.9202 
12.4558 14.0424 24.9742 
12.0640 14.0354 25.2948 
12.0130 14.0335 25.3361 
11.9773 14.0431 25.3703 
11.9750 14.0435 25.3723 
11.5781 14.1171 25.7589 
11.5330 14.1476 25.8172 
11.2960 14.3090 26.1002 
11.1709 14.3316 26.2242 
11.1630 14.3332 26.2312 
10.7553 14.4511 26.5184 
10.6224 14.4886 26.5936 
10.5334 14.5124 26.6478 
10.3891 14.5319 26.7386 
9.7545 14.5566 26.9973 
9.6361 14.5758 27.0286 
9.2671 14.6528 27.1413 
9.0746 14.6933 27.2004 
8.6376 14.8257 27.2846 
8.3841 14.8981 27.3301 
8.3703 14.9008 27.3317 
7.7359 15.0625 27.3521 
7.6506 15.0873 27.3521 
7.6207 15.0967 27.3509 
7.5976 15.1010 27.3484 
6.9553 15.1786 27.2562 
6.8005 15.2003 27.2280 
6.5423 15.2596 27.1917 
6.0987 15.3715 27.1339 
5.5545 15.5248 27.0315 
5.4768 15.5464 27.0167 
5.4280 15.5595 27.0072 
5.3796 15.5678 26.9959 
5.2397 15.6000 26.9437 
4.4952 15.7031 26.7102 
4.4524 15.7043 26.6948 
3.7191 15.7265 26.4280 
3.1965 15.7176 26.2314 
3.1899 15.7175 26.2287 
2.3759 15.8025 25.9248 
1.7042 15.8634 25.6712 
1.5697 15.8757 25.6204 
1.4231 15.8895 25.5640 
0.2556 16.0561 25.1295 
0.1673 16.0697 25.0969 
0.1126 16.0786 25.0747 
0.0415 16.1036 25.0505 
-0.4393 16.2200 24.8579 
-0.4613 16.2276 24.8425 
-1.6153 16.4469 24.3881 
-1.8829 16.4918 24.2955 
-1.9673 16.5268 24.2687 
-2.1269 16.5899 24.2235 
-3.2571 17.0256 23.8984 
-3.2797 17.0336 23.8916 
-3.2824 17.0345 23.8908 
-3.3033 17.0433 23.8853 
-3.3883 17.0691 23.8666 
-4.0754 17.2273 23.6404 
-4.1218 17.2376 23.6279 
-4.4820 17.2614 23.5207 
-4.8057 17.3182 23.4414 
-4.8695 17.3489 23.4249 
-5.3170 17.5640 23.3190 
-5.4093 17.5987 23.2973 
-5.4622 17.6678 23.2842 
-5.4750 17.6836 23.2682 
-5.7914 17.9471 23.1686 
-5.8239 18.0011 23.1578 
-6.0201 18.2843 23.1498 
-6.2736 18.5215 23.1030 
-6.4034 18.6363 23.0775 
-6.4618 18.6945 23.0531 
-6.5599 18.8396 23.0174 
-6.8117 19.2136 22.9257 
-7.0008 19.4908 22.8616 
-7.1623 20.1215 22.8042 
-7.2128 20.2794 22.7879 
-7.3530 20.7983 22.6618 
-7.4420 21.4454 22.5769 
-7.5284 21.9922 22.4224 
-7.5175 22.1318 22.4052 
-7.4499 22.7440 22.2600 
-7.3758 23.4097 22.1024 
-7.3266 23.7914 21.9883 
-7.1802 24.6930 21.7754 
-7.1104 25.1200 21.6735 
-6.8190 26.3321 21.3972 
-6.7640 26.4797 21.3474 
-6.6750 26.7254 21.2702 
-6.6534 26.8613 21.2148 
-6.5906 27.1286 21.0684 
-6.4416 27.5950 20.8378 
-6.4310 27.6330 20.8181 
-6.3603 27.7730 20.6970 
-6.3424 27.7844 20.6685 
-6.2173 27.8836 20.4055 
-6.1897 27.9253 20.2822 
-6.1460 28.0237 20.0859 
-6.2286 28.1962 19.2872 
-6.2529 28.2280 19.0663 
-6.2586 28.2334 18.9995 
-6.2159 28.3064 18.6113 
-6.2259 28.3594 18.1516 
-6.1901 28.3825 17.8693 
-6.1589 28.4021 17.4074 
-6.1584 28.4023 17.3607 
-6.1413 28.3808 16.9905 
-6.1408 28.3560 16.6893 
-6.1384 28.3480 16.6488 
-6.0995 28.2802 16.2593 
-6.0579 28.2741 16.1276 
-6.0180 28.2540 16.0387 
-6.0007 28.2419 15.9930 
-5.9560 28.2006 15.9043 
-5.6753 27.9937 15.4545 
-5.6591 27.9742 15.3924 
-5.6248 27.9248 15.2724 
-5.3218 27.8613 15.0776 
-5.0765 27.7349 14.7621 
-5.0521 27.7327 14.7454 
-4.9181 27.7381 14.6172 
-4.7403 27.7521 14.3879 
-4.6577 27.6720 14.1508 
-4.6373 27.6506 14.0780 
-4.5486 27.5550 13.7582 
-4.5248 27.4964 13.6319 
-4.5153 27.4476 13.5074 
-4.4579 27.0929 12.6918 
-4.4669 27.0555 12.6079 
-4.4665 27.0419 12.5813 
-4.4635 27.0111 12.5239 
-4.5039 26.4434 11.4310 
-4.4735 26.4262 11.4368 
-4.4665 26.3768 11.4399 
-4.4678 26.3608 11.4231 
-4.5540 26.0920 10.6928 
-4.5729 25.9889 10.4998 
-4.5739 25.9835 10.4864 
-4.5741 25.9806 10.4807 
-4.6186 25.6997 9.9108 
-4.5752 25.6369 9.7684 
-4.5527 25.6046 9.6940 
-4.5070 25.3656 9.2839 
-4.4361 25.3380 9.1597 
-4.3248 25.2920 8.9780 
-4.3073 25.2091 8.8410 
-4.2766 25.0032 8.6496 
-4.2348 24.8386 8.5200 
-4.1797 24.6982 8.3807 
-4.1638 24.4800 8.1981 
-4.1456 24.3493 8.1103 
-3.8150 24.0624 7.8148 
-3.7795 24.0300 7.8138 
-3.7511 23.9886 7.7914 
-3.7322 23.9732 7.7781 
-3.4946 23.7368 7.6053 
-3.3995 23.6501 7.5572 
-3.1491 23.5162 7.4397 
-3.0920 23.4661 7.4110 
-2.9701 23.3594 7.3528 
-2.5211 23.2274 7.2764 
-2.4935 23.2205 7.2708 
-1.9390 23.0614 7.2358 
-1.8938 23.0400 7.2299 
-1.8615 23.0240 7.2273 
-1.1384 22.8251 7.2500 
-1.1354 22.8258 7.2475 
-0.5214 22.5437 7.2472 
% end
