% Curve 1: Surface+, Curve; 
% Length=67.3613; NumberOfSegments=221; FullyAttached=Yes; Closed=Yes; 
% Units: mm
% begin
5.8198 24.4595 10.2657 
5.8234 24.4579 10.2673 
6.0753 24.3739 10.3826 
6.2874 24.2790 10.6283 
6.4313 24.1963 10.9068 
6.4981 24.1677 10.9764 
6.8496 24.0171 11.3426 
6.8557 24.0052 11.4016 
7.0216 23.9125 12.0698 
7.4556 23.6980 13.7040 
7.5198 23.6701 13.9303 
7.6758 23.6948 15.4613 
7.7042 23.6979 15.7026 
7.7050 23.6977 15.7159 
7.7661 23.7599 16.6014 
7.7663 23.7968 18.0348 
7.7698 23.7990 18.1265 
7.8114 23.8254 19.3602 
7.9233 23.8315 20.6529 
7.9592 23.8115 20.8569 
7.9867 23.7515 21.3233 
8.1412 23.6342 22.5513 
8.2543 23.5177 22.8918 
8.2511 23.4401 23.1504 
8.2488 23.3603 23.4540 
8.3109 23.2351 23.8954 
8.3331 22.9665 24.3264 
8.3411 22.8356 24.5237 
8.3514 22.6070 24.8719 
8.2181 22.1284 25.1997 
8.1924 22.0518 25.2408 
8.1059 21.9615 25.3284 
7.6705 21.4761 25.6380 
7.4640 21.3729 25.5677 
7.3027 21.2156 25.5146 
7.1006 20.9621 25.6467 
6.9577 20.7821 25.7385 
6.9117 20.7526 25.7518 
6.6762 20.5857 25.8088 
6.4758 20.3818 25.7972 
6.4348 20.2421 25.7484 
6.2524 19.7452 25.7231 
6.2077 19.6337 25.7065 
5.8136 19.1637 25.7080 
5.7245 19.0174 25.6967 
5.6953 18.9676 25.6925 
5.3143 18.3662 25.5962 
5.3088 18.3571 25.5952 
5.2877 18.3176 25.5951 
5.2712 18.2910 25.6082 
4.8922 17.8006 25.5535 
4.7413 17.6095 25.5193 
4.5836 17.4844 25.4998 
4.4036 17.3677 25.4833 
4.1917 17.2345 25.4446 
4.0892 17.1775 25.4277 
3.9877 17.1174 25.4101 
3.7851 17.0017 25.3574 
3.6796 16.9419 25.3280 
3.1085 16.6869 25.1372 
3.0304 16.6515 25.0871 
3.0053 16.6375 25.0770 
2.9671 16.6189 25.0632 
2.1353 16.3440 24.8322 
2.0378 16.3086 24.8115 
2.0060 16.3014 24.8069 
1.9208 16.2913 24.7989 
1.4392 16.2354 24.7541 
1.1466 16.2033 24.7229 
0.3739 16.3250 24.7315 
0.1433 16.3320 24.7212 
0.0611 16.3299 24.7154 
-0.0761 16.4259 24.7497 
-0.1849 16.4762 24.7655 
-0.7885 16.7686 24.8252 
-0.9301 16.8440 24.8420 
-1.0633 16.9293 24.8275 
-1.2128 17.0448 24.7697 
-1.4644 17.3154 24.6916 
-1.7454 17.5147 24.5787 
-1.8994 17.6583 24.5254 
-2.1616 17.9191 24.4132 
-2.2093 17.9537 24.3793 
-2.2550 18.0344 24.3644 
-2.5466 18.5181 24.2582 
-2.5563 18.5460 24.2591 
-2.7076 19.0322 24.2605 
-2.7114 19.0468 24.2599 
-2.7378 19.1440 24.2544 
-2.7676 19.2103 24.2371 
-2.9108 19.5473 24.1583 
-2.9814 19.7226 24.1145 
-3.2726 20.0956 23.9080 
-3.4872 20.2402 23.6186 
-3.5079 20.2617 23.5967 
-3.7919 20.6601 23.2098 
-3.7999 20.6702 23.1953 
-3.8191 20.6922 23.1628 
-4.0773 20.9943 22.7603 
-4.1525 21.0820 22.6433 
-4.5776 21.5473 22.3722 
-4.6491 21.6074 22.3496 
-4.6514 21.6101 22.3486 
-4.9333 21.8758 22.2508 
-5.0197 21.9266 22.2309 
-5.3182 22.1928 22.1038 
-5.3619 22.2772 22.0959 
-5.3765 22.2950 22.0955 
-5.5338 22.4856 22.0904 
-5.5523 22.5414 22.0822 
-5.8681 22.8795 21.9729 
-5.8856 22.8951 21.9670 
-6.3338 23.2664 21.9423 
-6.4518 23.3642 21.9358 
-6.5063 23.4101 21.9328 
-6.8681 23.7038 21.9193 
-7.0951 23.9066 21.8947 
-7.1340 23.9400 21.8858 
-7.1835 23.9830 21.8744 
-7.6573 24.3939 21.7575 
-7.7122 24.4409 21.7370 
-7.9735 24.6731 21.6374 
-8.1600 24.8438 21.5958 
-8.2219 24.9043 21.5811 
-8.4767 25.1638 21.5395 
-8.7737 25.4121 21.3908 
-8.8491 25.4845 21.3706 
-9.2203 25.8646 21.2577 
-9.3231 25.9643 21.2198 
-9.3542 25.9954 21.2093 
-9.3680 26.0108 21.2038 
-9.8482 26.5144 20.9701 
-9.8593 26.5281 20.9634 
-9.8981 26.5698 20.9353 
-9.9485 26.6559 20.9237 
-10.2864 27.0661 20.7146 
-10.3051 27.1026 20.6913 
-10.3873 27.3524 20.6052 
-10.3946 27.4522 20.5538 
-10.5068 27.9046 20.1662 
-10.5059 27.9140 20.1561 
-10.5006 27.9812 20.0820 
-10.4878 28.1561 19.8723 
-10.4887 28.1844 19.8382 
-10.4621 28.2135 19.7895 
-10.2934 28.4257 19.4362 
-10.1256 28.5338 19.2033 
-9.8056 28.7465 18.7867 
-9.5856 28.8962 18.4901 
-9.4542 28.9591 18.3429 
-9.1672 29.0507 18.1091 
-8.6667 29.2434 17.6122 
-8.5404 29.2468 17.4466 
-8.3174 29.2142 17.1899 
-7.9859 29.1952 16.8954 
-7.9265 29.1626 16.7562 
-7.6955 29.1021 16.1776 
-7.5363 29.0639 15.7986 
-7.5087 29.0701 15.7235 
-7.2352 28.8157 14.4359 
-7.0890 28.7576 13.9941 
-7.0703 28.7565 13.9470 
-6.9293 28.7532 13.5627 
-6.8253 28.8657 13.4701 
-6.4538 28.7093 13.2041 
-6.4311 28.6882 13.1646 
-6.3128 28.6460 13.0265 
-6.2588 28.6317 12.9684 
-5.9787 28.5602 12.9004 
-5.7074 28.5231 12.8447 
-5.3783 28.4910 12.7112 
-5.3579 28.4898 12.6992 
-4.9489 28.4806 12.4598 
-4.8429 28.4137 12.3847 
-4.7691 28.3671 12.3325 
-4.7384 28.3477 12.3107 
-4.1738 28.1471 11.9578 
-4.0873 28.0461 11.9122 
-3.9192 28.0259 11.9506 
-3.5997 27.9410 11.9902 
-3.2505 27.8807 11.9809 
-2.7141 28.2270 12.1926 
-2.5574 28.2200 12.2011 
-2.5004 28.2263 12.1940 
-2.3348 28.2442 12.1795 
-2.2120 28.2574 12.1685 
-1.9372 28.0625 12.0781 
-1.9096 28.0436 12.0704 
-1.8587 28.0094 12.0461 
-1.5119 27.7517 11.8742 
-1.4776 27.7264 11.8541 
-1.3179 27.6548 11.7791 
-0.9636 27.4193 11.5727 
-0.8161 27.3641 11.5170 
-0.7641 27.3385 11.4916 
-0.0941 27.0052 11.1722 
-0.0824 26.9982 11.1660 
-0.0705 26.9923 11.1604 
-0.0601 26.9875 11.1556 
0.7166 26.6159 10.8324 
0.7823 26.5690 10.7822 
0.8035 26.5586 10.7729 
1.5148 26.1903 10.4921 
1.6076 26.1323 10.4487 
1.6205 26.1240 10.4431 
2.3530 25.7985 10.2490 
2.4497 25.7531 10.2078 
2.4724 25.7403 10.2006 
3.2223 25.4608 10.0772 
3.2797 25.4356 10.0647 
3.3027 25.4246 10.0606 
4.0972 25.1302 9.9877 
4.1140 25.1238 9.9861 
4.1298 25.1162 9.9862 
4.6325 24.9422 10.0148 
4.6573 24.9322 10.0178 
4.7623 24.8895 10.0306 
4.9456 24.8190 10.0299 
4.9618 24.8124 10.0325 
4.9761 24.8073 10.0349 
5.4950 24.6054 10.1186 
5.8198 24.4595 10.2657 
% end
