% Curve 1: Surface, Curve; 
% Length=133.845; NumberOfSegments=756; FullyAttached=Yes; Closed=Yes; 
% Units: mm
% begin
1.2115 27.2868 7.1631 
1.0343 27.5382 7.2629 
0.8996 27.6967 7.3450 
0.8585 27.7524 7.3687 
0.8482 27.7663 7.3744 
0.7894 27.8621 7.4056 
0.4713 28.3363 7.5791 
0.4601 28.3522 7.5842 
0.4262 28.4098 7.5968 
0.2715 28.6147 7.6695 
0.2337 28.6610 7.6838 
-0.0778 29.0334 7.8054 
-0.0948 29.0550 7.8115 
-0.1006 29.0623 7.8135 
-0.1223 29.0917 7.8200 
-0.5454 29.6140 7.9640 
-0.5516 29.6219 7.9664 
-0.6664 29.7466 8.0161 
-0.8490 29.9289 8.0987 
-0.9236 29.9910 8.1353 
-1.0659 30.1103 8.2070 
-1.1376 30.1639 8.2443 
-1.1624 30.1857 8.2631 
-1.2274 30.2453 8.3224 
-1.4837 30.3998 8.5063 
-1.5641 30.4496 8.5672 
-1.7116 30.5402 8.6746 
-1.9672 30.6927 8.8881 
-2.0866 30.7440 8.9792 
-2.3235 30.8465 9.1785 
-2.4296 30.8862 9.2663 
-2.5066 30.9168 9.3718 
-2.6830 30.9027 9.5205 
-2.6999 30.9070 9.5391 
-3.1037 31.0227 9.9358 
-3.1953 31.0366 9.9945 
-3.2554 31.0429 10.0452 
-3.2810 31.0520 10.1097 
-3.3678 31.0375 10.2308 
-3.8827 31.0018 10.6477 
-3.9436 31.0028 10.6911 
-4.0660 30.9868 10.7499 
-4.0880 30.9849 10.7620 
-4.3720 31.0026 10.8887 
-4.5558 31.0053 10.9554 
-4.6193 31.0093 10.9766 
-4.8250 31.0200 11.0414 
-4.8834 31.0234 11.0596 
-5.0860 31.0722 11.1773 
-5.3331 31.1107 11.2899 
-5.5725 31.1557 11.3920 
-5.6216 31.1542 11.4228 
-5.6314 31.1539 11.4290 
-5.6829 31.1664 11.4676 
-5.9727 31.2411 11.6138 
-5.9769 31.2429 11.6161 
-6.1115 31.3004 11.6960 
-6.1293 31.3079 11.7072 
-6.2733 31.3662 11.7979 
-6.4322 31.4189 11.8954 
-6.4442 31.4229 11.9023 
-6.7324 31.5572 12.0796 
-6.8470 31.5941 12.1453 
-6.8635 31.5998 12.1530 
-6.9293 31.6483 12.1771 
-7.2900 31.7559 12.3539 
-7.3495 31.7729 12.3763 
-7.6889 31.8986 12.5017 
-7.7613 31.9130 12.5296 
-7.8461 31.9290 12.5581 
-8.0699 31.9469 12.6415 
-8.0822 31.9471 12.6397 
-8.3401 32.0291 12.7220 
-8.3998 32.0301 12.7455 
-8.5787 32.0399 12.8298 
-8.6028 32.0452 12.8387 
-8.6057 32.0460 12.8397 
-8.7745 32.0947 12.9034 
-9.0057 32.1669 12.9874 
-9.0147 32.1700 12.9911 
-9.2574 32.2681 13.0775 
-9.4969 32.3722 13.1709 
-9.5773 32.3917 13.2187 
-9.5871 32.3942 13.2251 
-9.7652 32.4506 13.3411 
-9.8594 32.4411 13.4034 
-9.8744 32.4417 13.4132 
-10.2025 32.4609 13.5858 
-10.4698 32.4647 13.7307 
-10.5128 32.4651 13.7535 
-10.5453 32.4653 13.7713 
-10.7963 32.4989 13.9192 
-10.8150 32.5011 13.9238 
-11.0678 32.5204 14.0648 
-11.0711 32.5206 14.0668 
-11.1746 32.5403 14.1300 
-11.3250 32.5523 14.2195 
-11.3478 32.5579 14.2336 
-11.8677 32.6855 14.5441 
-11.8950 32.6900 14.5693 
-11.9115 32.6919 14.5795 
-11.9284 32.6966 14.5898 
-11.9690 32.7154 14.6139 
-12.4473 32.9002 14.9011 
-12.4723 32.9053 14.9166 
-12.8251 32.9791 15.1457 
-12.8635 32.9854 15.1707 
-12.8855 32.9865 15.1851 
-12.8895 32.9867 15.1881 
-13.0233 33.0138 15.2832 
-13.2052 33.0552 15.4113 
-13.2177 33.0604 15.4195 
-13.2216 33.0618 15.4217 
-13.3891 33.1169 15.5216 
-13.4280 33.1278 15.5412 
-13.4617 33.1376 15.5580 
-13.7231 33.2196 15.6857 
-13.9181 33.2700 15.7600 
-14.0222 33.2889 15.8032 
-14.0333 33.2904 15.8065 
-14.2991 33.3286 15.8843 
-14.3782 33.3404 15.9072 
-14.3925 33.3422 15.9105 
-14.4729 33.3507 15.9291 
-14.9002 33.3722 16.0346 
-14.9109 33.3730 16.0372 
-15.2745 33.4018 16.1170 
-15.4161 33.4217 16.1463 
-15.5494 33.4403 16.1729 
-15.8656 33.4907 16.2345 
-16.0073 33.5088 16.2633 
-16.0969 33.5186 16.2819 
-16.1179 33.5208 16.2860 
-16.4795 33.5724 16.3528 
-16.5308 33.5773 16.3631 
-16.6131 33.5852 16.3798 
-17.1175 33.6480 16.4779 
-17.1239 33.6489 16.4794 
-17.3338 33.6801 16.5316 
-17.6561 33.7060 16.6181 
-17.7183 33.7145 16.6489 
-17.9255 33.7598 16.7479 
-17.9673 33.7706 16.7743 
-18.0663 33.7913 16.8382 
-18.2589 33.8140 16.9669 
-18.2781 33.8175 16.9794 
-18.3446 33.8611 17.1201 
-18.3780 33.8660 17.1937 
-18.3515 33.8756 17.4140 
-18.1724 33.8786 17.6296 
-18.1346 33.8796 17.6750 
-18.1160 33.8784 17.6975 
-18.0363 33.8728 17.7690 
-17.8683 33.8439 17.9188 
-17.8324 33.8388 17.9445 
-17.5794 33.7604 18.1277 
-17.3094 33.6760 18.3104 
-17.2855 33.6653 18.3268 
-17.1727 33.6060 18.4387 
-16.8920 33.4000 18.6716 
-16.8439 33.3620 18.7168 
-16.7867 33.2590 18.7621 
-16.7650 33.2077 18.7776 
-16.6819 32.8477 18.9491 
-16.6775 32.5732 19.0115 
-16.6685 32.5092 19.0513 
-16.6617 32.4323 19.1070 
-16.7095 31.9765 19.3240 
-16.7421 31.8590 19.3654 
-16.7491 31.8386 19.3697 
-16.7990 31.5447 19.4052 
-16.8322 31.3545 19.4265 
-16.8335 31.3433 19.4289 
-16.8362 31.3158 19.4344 
-16.8671 31.0892 19.4627 
-16.8746 31.0187 19.4705 
-16.8701 30.8669 19.5499 
-16.8870 30.6049 19.6120 
-16.8955 30.3915 19.6613 
-16.9016 30.3306 19.6640 
-16.9042 30.3056 19.6646 
-16.9875 29.8158 19.6910 
-16.9968 29.7529 19.6977 
-17.0277 29.5980 19.7173 
-17.0732 29.4010 19.7244 
-17.1143 29.2621 19.7321 
-17.2266 28.8701 19.7655 
-17.2427 28.8143 19.7698 
-17.2747 28.7197 19.7785 
-17.4530 28.1838 19.8383 
-17.4570 28.1712 19.8402 
-17.4698 28.1354 19.8460 
-17.6789 27.5474 19.9432 
-17.6857 27.5285 19.9460 
-17.7261 27.4147 19.9628 
-17.7989 27.2193 19.9805 
-17.8528 27.0502 19.9929 
-17.8886 26.9030 20.0382 
-17.8922 26.8819 20.0441 
-17.9623 26.4958 20.1348 
-17.9890 26.3241 20.1933 
-17.9956 26.2666 20.2124 
-18.0495 25.8179 20.3487 
-18.0521 25.7954 20.3564 
-18.0658 25.5647 20.4331 
-18.0805 25.3084 20.5208 
-18.0811 25.2997 20.5232 
-18.0973 24.8124 20.6553 
-18.0963 24.7795 20.6716 
-18.0965 24.7694 20.6749 
-18.0955 24.7146 20.6921 
-18.0982 24.4604 20.7469 
-18.0978 24.2510 20.8011 
-18.0978 24.2359 20.8049 
-18.0957 24.1971 20.8140 
-18.0766 24.0063 20.8859 
-18.0636 23.9317 20.9117 
-18.0166 23.5624 21.0077 
-18.0194 23.5176 21.0041 
-18.0434 23.3871 21.0045 
-18.0416 23.3481 21.0148 
-18.0288 23.3187 21.0093 
-17.9703 23.2251 21.0865 
-17.9630 23.2150 21.0941 
-17.9463 23.1770 21.1269 
-17.8108 22.8401 21.3911 
-17.8028 22.8223 21.4047 
-17.7096 22.5588 21.5608 
-17.6745 22.4042 21.6184 
-17.6672 22.3761 21.6283 
-17.6274 22.2285 21.6826 
-17.6025 22.1496 21.7091 
-17.4882 21.7000 21.8199 
-17.4845 21.6877 21.8237 
-17.4610 21.6161 21.8452 
-17.4181 21.5095 21.8885 
-17.3730 21.4121 21.9236 
-17.3229 21.3274 21.9688 
-17.3204 21.3224 21.9710 
-17.2827 21.2508 22.0017 
-17.0469 20.8061 22.1961 
-17.0388 20.7888 22.2021 
-16.8583 20.3990 22.3377 
-16.7664 20.2026 22.4074 
-16.7181 20.0926 22.4419 
-16.7045 20.0605 22.4523 
-16.6528 19.9480 22.4948 
-16.4795 19.5370 22.6272 
-16.4325 19.4106 22.6585 
-16.4051 19.3532 22.6818 
-16.3004 19.1152 22.7835 
-16.2655 19.0177 22.8145 
-16.2482 18.9562 22.8378 
-16.2156 18.8249 22.8861 
-16.1623 18.5992 22.9475 
-16.1588 18.5787 22.9513 
-16.1361 18.4099 22.9847 
-16.1252 18.3574 23.0040 
-16.0852 18.1014 23.1039 
-16.0497 17.7604 23.2035 
-16.0425 17.7234 23.2205 
-16.0208 17.6237 23.2647 
-15.9024 17.1684 23.4961 
-15.8812 17.0886 23.5373 
-15.8470 16.9845 23.5865 
-15.7782 16.7764 23.6854 
-15.7491 16.7018 23.7177 
-15.6405 16.4547 23.8404 
-15.5419 16.2289 23.9517 
-15.5257 16.1940 23.9681 
-15.4030 15.9203 24.0912 
-15.3533 15.8304 24.1425 
-15.2195 15.6054 24.2626 
-15.1652 15.4863 24.3119 
-15.1402 15.3960 24.3353 
-15.1188 15.3158 24.3574 
-14.9990 15.0001 24.4682 
-14.9973 14.9958 24.4696 
-14.8898 14.6355 24.5868 
-14.8691 14.5922 24.5865 
-14.8581 14.5691 24.5863 
-14.8545 14.5631 24.5879 
-14.8448 14.5471 24.5924 
-14.6852 14.0864 24.7620 
-14.6588 14.0266 24.7919 
-14.6052 13.8680 24.8777 
-14.5795 13.7651 24.9079 
-14.5652 13.6835 24.9330 
-14.4677 13.1679 25.1281 
-14.4492 13.0670 25.1631 
-14.4353 12.9768 25.1946 
-14.3537 12.5037 25.4255 
-14.3517 12.4904 25.4319 
-14.3499 12.4785 25.4382 
-14.3080 12.1840 25.5683 
-14.2950 12.1045 25.6031 
-14.2633 11.9409 25.7024 
-14.2182 11.6682 25.8257 
-14.1984 11.5894 25.8607 
-14.1654 11.4721 25.9378 
-14.1465 11.4263 25.9680 
-14.0157 11.0938 26.1143 
-13.9958 11.0538 26.1326 
-13.8547 10.7681 26.2921 
-13.8297 10.7172 26.3300 
-13.7361 10.5366 26.4660 
-13.6431 10.3659 26.5507 
-13.6190 10.3174 26.5740 
-13.5483 10.1695 26.6580 
-13.5263 10.1100 26.6887 
-13.4376 9.8739 26.8068 
-13.3889 9.7492 26.8615 
-13.3838 9.7335 26.8725 
-13.3392 9.5720 26.9814 
-13.2661 9.3220 27.1350 
-13.2580 9.2922 27.1554 
-13.2311 9.1698 27.2355 
-13.1700 8.8980 27.4087 
-13.1611 8.8575 27.4343 
-13.1294 8.7267 27.5069 
-13.0357 8.3649 27.6881 
-13.0340 8.3573 27.6926 
-12.9459 8.0174 27.9001 
-12.9393 7.9904 27.9179 
-12.8944 7.8414 28.0204 
-12.8404 7.6676 28.1338 
-12.7734 7.4784 28.2617 
-12.7268 7.3583 28.3245 
-12.7100 7.3088 28.3611 
-12.5982 7.0167 28.5829 
-12.5734 6.9529 28.6278 
-12.5546 6.9059 28.6611 
-12.4782 6.7091 28.8182 
-12.3402 6.3568 29.0892 
-12.3362 6.3459 29.0992 
-12.2837 6.1912 29.2383 
-12.2344 6.0480 29.3614 
-12.2183 5.9949 29.4061 
-12.1693 5.8199 29.5792 
-12.0824 5.5206 29.8557 
-12.0727 5.4874 29.8858 
-12.0442 5.3687 29.9899 
-11.9979 5.1861 30.1399 
-11.9330 4.9804 30.2587 
-11.9101 4.9136 30.2983 
-11.8267 4.6464 30.4815 
-11.7604 4.4322 30.6303 
-11.7542 4.4134 30.6421 
-11.6664 4.2068 30.7831 
-11.5823 4.0251 30.8790 
-11.5699 4.0050 30.8909 
-11.3807 3.6889 31.1192 
-11.3118 3.5762 31.1882 
-11.2996 3.5621 31.1980 
-11.1862 3.4314 31.2956 
-10.9088 3.1136 31.5504 
-10.8458 3.0382 31.5818 
-10.7764 2.9779 31.6085 
-10.6884 2.9053 31.6532 
-10.5076 2.7537 31.7385 
-10.4228 2.6777 31.7633 
-10.3659 2.6434 31.7739 
-10.1410 2.5060 31.8109 
-9.9585 2.4010 31.8557 
-9.8809 2.3733 31.8665 
-9.6626 2.2901 31.8863 
-9.5563 2.2465 31.8901 
-9.1964 2.1520 31.8780 
-9.0159 2.1086 31.8795 
-9.0077 2.1070 31.8794 
-8.6117 2.0193 31.8579 
-8.5950 2.0157 31.8572 
-8.4600 1.9692 31.8610 
-8.4238 1.9660 31.8750 
-8.1428 1.9514 31.9736 
-7.9004 1.9439 32.0647 
-7.8766 1.9438 32.0744 
-7.6043 1.9495 32.1783 
-7.4917 1.9450 32.2135 
-7.4669 1.9450 32.2203 
-6.9720 2.0044 32.4282 
-6.9596 2.0072 32.4350 
-6.9153 2.0204 32.4558 
-6.5352 1.9731 32.4501 
-6.4516 1.9636 32.4499 
-6.4456 1.9627 32.4496 
-6.4372 1.9697 32.4416 
-6.1537 1.9006 32.4004 
-6.1489 1.9012 32.4009 
-6.0581 1.9146 32.4069 
-5.5524 1.9680 32.4278 
-5.4973 1.9550 32.4598 
-5.4662 1.9503 32.4807 
-5.4407 1.9250 32.4751 
-5.3671 1.8409 32.4477 
-5.1733 1.6849 32.3627 
-5.1125 1.6309 32.3370 
-4.9594 1.4623 32.2172 
-4.8092 1.2752 32.0633 
-4.7737 1.2263 32.0192 
-4.7225 1.1869 31.9583 
-4.7144 1.1849 31.9489 
-4.5112 1.1413 31.7671 
-4.4306 1.1214 31.6736 
-4.2312 1.0847 31.4413 
-4.2241 1.0826 31.4295 
-4.1968 1.0799 31.3805 
-4.1664 1.0639 31.3541 
-3.6192 1.1577 31.0232 
-3.5867 1.1804 31.0072 
-3.4849 1.1793 30.9481 
-3.1260 1.2520 30.7673 
-3.1085 1.2558 30.7604 
-2.9877 1.2936 30.7031 
-2.6934 1.3922 30.5727 
-2.5193 1.4422 30.4837 
-2.4525 1.4746 30.4681 
-2.3883 1.5146 30.4471 
-1.8372 1.7492 30.2641 
-1.7147 1.8105 30.2350 
-1.3868 1.9478 30.1690 
-1.1314 2.0422 30.0794 
-1.0521 2.0655 30.0536 
-0.5912 2.2122 29.9772 
-0.4576 2.2526 29.9417 
-0.3065 2.2613 29.9067 
-0.2776 2.2553 29.9010 
-0.2732 2.2543 29.8997 
-0.2627 2.2521 29.8975 
0.2161 2.1249 29.6924 
0.2743 2.1041 29.6688 
0.6328 2.0291 29.6833 
0.9032 1.9899 29.6931 
0.9618 1.9694 29.7004 
1.3515 1.9450 29.7906 
1.4122 1.9555 29.8111 
1.5854 1.9850 29.8698 
1.7284 2.0133 29.9013 
1.9020 2.0524 29.9459 
2.1053 2.0943 30.0009 
2.1121 2.0952 30.0025 
2.1229 2.0978 30.0067 
2.6415 2.2019 30.1799 
2.6866 2.2199 30.2066 
3.2252 2.4073 30.5476 
3.2504 2.4144 30.5616 
3.2547 2.4157 30.5641 
3.2633 2.4179 30.5692 
3.2734 2.4233 30.5791 
3.2971 2.4345 30.5932 
3.7182 2.5509 30.8586 
3.8005 2.5689 30.9023 
4.0729 2.6303 31.0461 
4.2830 2.6625 31.1297 
4.3258 2.6697 31.1462 
4.6489 2.7327 31.2848 
4.6552 2.7339 31.2876 
5.0468 2.8280 31.4481 
5.0747 2.8341 31.4587 
5.0950 2.8376 31.4650 
5.3953 2.9146 31.5404 
5.4221 2.9281 31.5400 
5.4277 2.9293 31.5408 
5.4425 2.9326 31.5429 
6.1247 3.1009 31.6534 
6.1482 3.1056 31.6563 
6.1959 3.1160 31.6609 
6.6010 3.1836 31.6837 
6.6539 3.1906 31.6852 
6.9032 3.2335 31.6799 
6.9958 3.2447 31.6738 
7.0355 3.2532 31.6744 
7.3464 3.3411 31.6571 
7.3563 3.3434 31.6561 
7.4073 3.3597 31.6467 
7.5122 3.4091 31.6423 
7.8303 3.5612 31.6315 
7.8641 3.5816 31.6268 
8.1201 3.7537 31.6089 
8.2790 3.8493 31.5869 
8.2986 3.8630 31.5860 
8.4156 3.9600 31.5713 
8.7555 4.2354 31.5226 
8.8192 4.2934 31.5092 
9.0971 4.5591 31.4627 
9.2013 4.6568 31.4434 
9.2923 4.7433 31.4258 
9.3102 4.7598 31.4218 
9.4089 4.8452 31.4037 
9.4543 4.8833 31.3944 
9.4874 4.9111 31.3875 
9.9005 5.2684 31.3096 
9.9130 5.2796 31.3076 
9.9495 5.3153 31.2994 
10.2016 5.5117 31.1946 
10.2426 5.5545 31.1703 
10.4613 5.7956 31.0570 
10.4972 5.8390 31.0431 
10.7861 6.2651 30.8948 
10.8201 6.3171 30.8798 
10.8212 6.3189 30.8792 
10.8979 6.4444 30.8352 
11.1175 6.7937 30.6853 
11.1247 6.8066 30.6799 
11.2125 6.9636 30.6112 
11.2977 7.1116 30.5301 
11.3093 7.1313 30.5181 
11.5019 7.4463 30.3258 
11.5406 7.5086 30.2838 
11.5427 7.5120 30.2815 
11.5531 7.5284 30.2701 
11.8398 7.9838 29.9848 
11.8479 7.9953 29.9774 
12.0660 8.3123 29.7997 
12.0922 8.3494 29.7749 
12.0962 8.3546 29.7714 
12.1294 8.3976 29.7460 
12.3030 8.6161 29.5912 
12.3448 8.6639 29.5564 
12.5066 8.8542 29.4478 
12.7347 9.1188 29.2777 
12.7459 9.1320 29.2702 
12.9067 9.3177 29.1644 
13.0705 9.5039 29.0436 
13.0900 9.5268 29.0289 
13.2022 9.6572 28.9393 
13.2806 9.7450 28.8636 
13.3410 9.8129 28.8059 
13.5865 10.1031 28.5622 
13.6121 10.1328 28.5335 
13.6203 10.1426 28.5258 
13.6395 10.1672 28.5069 
13.8813 10.4687 28.2266 
13.8974 10.4896 28.2125 
14.0948 10.7766 28.0210 
14.0988 10.7822 28.0167 
14.1011 10.7856 28.0146 
14.1176 10.8181 27.9946 
14.3831 11.2238 27.7043 
14.3896 11.2334 27.6974 
14.5681 11.5063 27.5340 
14.6452 11.6214 27.4506 
14.6536 11.6342 27.4432 
14.7352 11.7604 27.3708 
14.8410 11.9211 27.2645 
14.8853 11.9874 27.2283 
15.1208 12.3360 27.0149 
15.1583 12.3928 26.9803 
15.2366 12.5125 26.9127 
15.4597 12.8536 26.7204 
15.4824 12.8882 26.7004 
15.6131 13.1061 26.5764 
15.6465 13.1621 26.5462 
15.6920 13.2380 26.5021 
15.6930 13.2395 26.5012 
15.8816 13.5984 26.2938 
15.8995 13.6369 26.2719 
15.9564 13.7604 26.2070 
16.1153 14.1040 26.0183 
16.1197 14.1133 26.0131 
16.2852 14.4774 25.8088 
16.3137 14.5395 25.7673 
16.3346 14.5842 25.7270 
16.4501 14.8659 25.4784 
16.4518 14.8703 25.4739 
16.5254 15.0737 25.2735 
16.5910 15.2128 25.1072 
16.5937 15.2197 25.1020 
16.6883 15.4922 24.8979 
16.6913 15.5006 24.8911 
16.6937 15.5087 24.8846 
16.8115 15.9413 24.6316 
16.8169 15.9606 24.6192 
16.8239 15.9981 24.5951 
16.8944 16.3823 24.3702 
16.9141 16.4987 24.3315 
16.9297 16.6259 24.2894 
16.9685 16.9698 24.1162 
16.9770 17.0468 24.0741 
16.9831 17.1045 24.0388 
16.9831 17.1068 24.0374 
16.9777 17.3043 23.9033 
16.9825 17.3190 23.8923 
16.9816 17.4684 23.7715 
16.9766 17.5214 23.7279 
16.9494 17.7910 23.5327 
16.9438 17.8363 23.5169 
16.8751 18.1918 23.3901 
16.8710 18.2138 23.3802 
16.8614 18.2417 23.3664 
16.8279 18.3365 23.2952 
16.8215 18.3549 23.2850 
16.8136 18.3849 23.2684 
16.8091 18.4460 23.2889 
16.7534 18.5944 23.2875 
16.7410 18.6149 23.2819 
16.7388 18.6213 23.2808 
16.6464 18.9270 23.1723 
16.6372 18.9608 23.1606 
16.5938 19.1195 23.1069 
16.5563 19.2784 23.0108 
16.4940 19.5234 22.8616 
16.4488 19.6995 22.7659 
16.4449 19.7159 22.7570 
16.3962 19.9204 22.6901 
16.3222 20.2291 22.5655 
16.2777 20.4274 22.4856 
16.2486 20.5567 22.4205 
16.2371 20.6078 22.3966 
16.2171 20.7226 22.3438 
16.2174 20.7656 22.3250 
16.2068 20.9013 22.1147 
16.2005 20.9884 22.0296 
16.1935 21.3766 21.6535 
16.2085 21.4008 21.6119 
16.2084 21.4176 21.5898 
16.1778 21.4414 21.5792 
16.1509 21.5819 21.3288 
16.1551 21.6330 21.2489 
16.1528 21.7428 20.8934 
16.1520 21.7486 20.8744 
16.1239 22.0405 20.5325 
16.1037 22.2738 20.2594 
16.1005 22.3101 20.2148 
16.0995 22.3212 20.2015 
16.0992 22.3238 20.1983 
16.0926 22.3762 20.1302 
16.0758 22.5041 19.9476 
16.0518 22.6350 19.7591 
16.0504 22.7099 19.5369 
16.0465 22.7310 19.5072 
15.9967 22.8963 19.2574 
15.9869 22.9332 19.1949 
15.9295 23.0778 18.9295 
15.8971 23.1683 18.7091 
15.8938 23.1737 18.6949 
15.8347 23.2734 18.5166 
15.7736 23.3734 18.2467 
15.7281 23.4492 18.0800 
15.7092 23.4702 18.0268 
15.6295 23.5569 17.7777 
15.6088 23.5798 17.7177 
15.5643 23.6099 17.6197 
15.4365 23.7865 17.2522 
15.4642 23.8132 17.1493 
15.4634 23.8144 17.1456 
15.3873 23.8439 17.0370 
15.2626 23.8309 16.7934 
15.1473 23.8088 16.5572 
15.1242 23.7825 16.4866 
15.1184 23.7714 16.4642 
15.1235 23.7456 16.3208 
15.1181 23.6143 15.9177 
15.1258 23.5622 15.7680 
15.1253 23.5544 15.7490 
15.1357 23.3970 15.4384 
15.1327 23.2664 15.1418 
15.1009 23.1256 14.8005 
15.0941 23.0906 14.7189 
15.0874 23.0670 14.6684 
15.0351 22.9384 14.3557 
15.0343 22.9366 14.3517 
14.9646 22.7302 13.9601 
14.9381 22.6877 13.8539 
14.9174 22.6581 13.7852 
14.8333 22.3885 13.3814 
14.8238 22.3619 13.3391 
14.7933 22.3027 13.2549 
14.7181 22.1084 13.0292 
14.7165 22.0864 12.9996 
14.5691 21.9255 12.7175 
14.5240 21.8815 12.6255 
14.3677 21.7524 12.3821 
14.3209 21.7095 12.3082 
14.3034 21.6952 12.2861 
14.0993 21.6158 12.0384 
13.8983 21.5292 11.7935 
13.8930 21.5259 11.7869 
13.7886 21.4643 11.6720 
13.5551 21.3667 11.4105 
13.5382 21.3590 11.3917 
13.1831 21.2098 11.0308 
13.0977 21.1650 10.9489 
13.0598 21.1398 10.9155 
13.0511 21.1335 10.9081 
13.0232 21.1183 10.8901 
12.9312 21.0822 10.8155 
12.6906 20.9904 10.6174 
12.6276 20.9765 10.5773 
12.4484 20.9316 10.4688 
12.3973 20.9259 10.4454 
11.9829 20.9098 10.2201 
11.9608 20.9094 10.2075 
11.9342 20.9110 10.1949 
11.4067 20.9614 9.9228 
11.3291 20.9825 9.8673 
10.9021 21.1243 9.5926 
10.8057 21.1524 9.5350 
10.7572 21.1700 9.5022 
10.7434 21.1754 9.4932 
10.5384 21.2553 9.3602 
10.5241 21.2578 9.3476 
10.4963 21.2626 9.3230 
10.1205 21.3953 9.1111 
10.0861 21.4103 9.0872 
9.6669 21.6147 8.8320 
9.5311 21.6745 8.7548 
9.5026 21.6873 8.7385 
9.4859 21.6951 8.7291 
9.3884 21.7514 8.6649 
8.9168 22.0023 8.3738 
8.8772 22.0236 8.3491 
8.3960 22.3013 8.0777 
8.3154 22.3381 8.0388 
8.3090 22.3414 8.0354 
8.1868 22.4045 7.9690 
7.7290 22.5995 7.7842 
7.7078 22.6095 7.7767 
7.4844 22.7346 7.6813 
7.1011 22.9109 7.5492 
7.0574 22.9381 7.5283 
6.7361 23.1557 7.3985 
6.4934 23.2741 7.3257 
6.4823 23.2811 7.3215 
6.0044 23.6004 7.1866 
5.8936 23.6636 7.1590 
5.8882 23.6669 7.1575 
5.3344 24.0160 7.0508 
5.2419 24.0550 7.0290 
5.2341 24.0590 7.0279 
5.2142 24.0708 7.0262 
5.1070 24.1420 7.0109 
4.6310 24.4470 6.9525 
4.6057 24.4661 6.9470 
4.4936 24.5537 6.9249 
4.0642 24.8239 6.9021 
4.0583 24.8279 6.9019 
3.7725 25.0269 6.8862 
3.5684 25.1634 6.8815 
3.5589 25.1702 6.8815 
3.1621 25.4568 6.8774 
3.0776 25.5197 6.8743 
3.0494 25.5426 6.8743 
2.7809 25.7524 6.8821 
2.5649 25.9177 6.8915 
2.5378 25.9350 6.8959 
2.5096 25.9546 6.9019 
2.1161 26.2827 6.9478 
1.9966 26.3818 6.9622 
1.8994 26.4732 6.9838 
1.6638 26.7120 7.0261 
1.6209 26.7622 7.0298 
1.4099 27.0452 7.0734 
1.3771 27.0835 7.0828 
1.3530 27.1093 7.0909 
1.2492 27.2367 7.1412 
1.2115 27.2868 7.1631 
% end
