% Curve 1: 119460, Curve; 
% Length=71.5968; NumberOfSegments=216; FullyAttached=Yes; Closed=Yes; 
% Units: mm
% begin
-2.0332 20.4518 4.2205 
-1.9476 20.4541 4.1701 
-1.8918 20.4903 4.1463 
-1.4548 20.6403 3.9150 
-1.4362 20.6480 3.9056 
-1.1924 20.7417 3.7951 
-0.8423 20.8543 3.6261 
-0.7800 20.8731 3.5983 
-0.2420 21.2119 3.4515 
-0.1529 21.2653 3.4257 
-0.1160 21.2804 3.4113 
-0.0221 21.3178 3.3769 
0.3856 21.4639 3.2176 
0.4478 21.4846 3.1956 
1.0102 21.7243 3.0321 
1.0343 21.7370 3.0268 
1.2504 21.8411 2.9897 
1.6276 21.9922 2.9083 
1.6709 22.0101 2.8978 
1.8641 22.1598 2.8878 
2.0560 22.2781 2.8620 
2.3453 22.4253 2.8575 
2.3880 22.4412 2.8532 
2.6588 22.5262 2.8515 
2.8844 22.6708 2.8912 
3.0913 22.7881 2.9498 
3.5800 23.0024 3.0402 
3.5914 23.0080 3.0428 
4.2950 23.2850 3.2688 
4.3086 23.2862 3.2769 
4.4995 23.3374 3.3395 
4.6433 23.4053 3.3778 
4.6646 23.4192 3.3772 
5.3818 23.6050 3.6352 
5.5014 23.6232 3.6908 
6.0708 23.8092 4.0725 
6.2414 23.8684 4.1909 
6.3173 23.8981 4.2399 
6.7825 24.0851 4.7721 
6.8095 24.0876 4.8124 
6.8306 24.0938 4.8348 
6.8402 24.0998 4.8493 
7.1903 24.2894 5.3375 
7.2244 24.3048 5.3912 
7.5860 24.6340 6.2354 
7.6082 24.6519 6.2833 
7.6198 24.6601 6.3110 
8.0509 25.0811 7.5823 
8.1159 25.1395 7.7632 
8.2238 25.2225 8.0960 
8.4931 25.4686 9.0338 
8.5353 25.4878 9.1274 
8.8748 25.6067 9.9220 
9.0394 25.6631 10.3030 
9.0906 25.6760 10.4268 
9.7664 25.7137 11.5493 
9.7800 25.7148 11.5734 
9.8113 25.7340 11.6108 
10.4377 25.5848 12.4364 
10.4984 25.5784 12.5350 
10.6305 25.5363 12.7911 
10.8971 25.4342 13.2509 
10.9037 25.4328 13.2657 
11.1317 25.3424 13.8651 
11.1465 25.3369 13.9059 
11.1724 25.3265 13.9731 
11.3720 25.1914 14.5991 
11.3860 25.1832 14.6563 
11.3998 25.1637 14.7414 
11.4208 25.1273 14.9419 
11.5344 24.9815 15.4893 
11.5430 24.9713 15.5231 
11.5945 24.8328 15.8346 
11.5975 24.7842 15.9096 
11.6068 24.7465 15.9572 
11.7649 24.4255 16.2439 
11.7656 24.4232 16.2455 
11.8562 23.7955 16.8146 
11.8802 23.6676 16.9234 
11.8870 23.5815 16.9838 
12.0073 22.8374 17.4346 
12.0086 22.8001 17.4521 
11.9624 21.8975 17.9628 
11.9578 21.8355 17.9994 
11.9331 21.7140 18.0525 
11.8064 20.9409 18.3572 
11.7572 20.7714 18.4029 
11.5502 20.2189 18.5980 
11.3996 19.9006 18.7416 
11.1821 19.5229 18.8737 
10.9359 18.9700 19.0121 
10.8078 18.7311 19.0401 
10.3181 18.0849 19.1924 
10.2478 17.9848 19.2089 
9.8045 17.5086 19.3331 
9.7132 17.4147 19.3492 
9.5718 17.3069 19.3780 
8.9918 16.9914 19.5086 
8.8344 16.9091 19.5264 
8.7276 16.8803 19.5619 
7.4744 16.7371 19.7378 
7.4051 16.7293 19.7437 
7.3585 16.7306 19.7484 
6.2073 16.7631 19.8636 
5.0433 16.7935 19.9954 
5.0122 16.7937 19.9988 
4.9917 16.7967 20.0014 
4.9238 16.8096 20.0103 
3.9553 16.9842 20.2207 
3.3530 17.0921 20.3570 
3.2896 17.1035 20.3713 
3.1900 17.1464 20.3947 
2.0119 17.6231 20.5015 
1.9407 17.6649 20.5069 
1.7009 17.8016 20.5051 
0.5512 18.4264 20.4987 
-0.0063 18.8172 20.4879 
-0.4383 19.1200 20.4776 
-1.0285 19.5754 20.4616 
-1.1744 19.6890 20.4576 
-1.6701 20.0698 20.3776 
-2.0337 20.3649 20.3374 
-2.1794 20.4831 20.3213 
-2.9672 20.9711 20.1343 
-3.4119 21.2242 20.0409 
-3.5759 21.3179 19.9916 
-4.5717 21.7623 19.7088 
-4.8879 21.8827 19.6217 
-4.9446 21.9039 19.6016 
-5.8707 22.2789 19.2680 
-5.9967 22.3313 19.2223 
-6.0582 22.3571 19.2033 
-6.6585 22.6619 18.8818 
-6.7853 22.7453 18.8121 
-7.0058 22.8926 18.6503 
-7.2727 23.0737 18.4537 
-7.4191 23.1996 18.3383 
-7.5350 23.3005 18.2386 
-7.9376 23.5726 17.8729 
-7.9629 23.6015 17.8318 
-8.2660 23.9396 17.3978 
-8.3258 23.9873 17.3221 
-8.3428 24.0030 17.2993 
-8.6067 24.2587 16.8814 
-8.6447 24.2979 16.8085 
-8.7111 24.5005 16.5914 
-8.7960 24.6327 16.3787 
-8.8089 24.6550 16.3341 
-8.9184 24.7709 16.0445 
-8.9378 24.7977 15.9856 
-9.0820 25.0302 15.3310 
-9.1301 25.0741 15.1943 
-9.1390 25.0802 15.1536 
-9.1463 25.1009 15.0764 
-9.1871 25.2518 14.5724 
-9.1863 25.2545 14.5527 
-9.1858 25.2567 14.5366 
-9.2144 25.3301 14.2559 
-9.2146 25.3333 14.2463 
-9.2161 25.3688 14.1384 
-9.2353 25.4858 13.4494 
-9.2294 25.5060 13.3819 
-9.1851 25.5493 13.1349 
-8.9910 25.7231 12.4830 
-8.9294 25.7792 12.2482 
-8.9255 25.7803 12.2378 
-8.8598 25.7936 12.0222 
-8.7112 25.8001 11.3375 
-8.7047 25.7982 11.2898 
-8.6440 25.7758 10.8694 
-8.6585 25.7171 10.5361 
-8.6492 25.6864 10.4525 
-8.6383 25.5380 10.1186 
-8.6282 25.5022 10.0223 
-8.5590 25.3639 9.7683 
-8.5449 25.2993 9.6769 
-8.4907 25.1622 9.5245 
-8.3736 24.8731 9.1997 
-8.3469 24.8408 9.1469 
-8.1146 24.5887 8.8051 
-7.9389 24.3432 8.5248 
-7.9111 24.3059 8.4838 
-7.5933 24.1088 8.0957 
-7.4444 23.9945 7.9062 
-7.4158 23.9734 7.8762 
-7.2199 23.8992 7.6930 
-7.0640 23.7988 7.5248 
-7.0559 23.7943 7.5166 
-6.8610 23.6954 7.3558 
-6.7617 23.6228 7.2871 
-6.7539 23.6170 7.2804 
-6.6581 23.5230 7.1842 
-6.4917 23.3040 7.0293 
-6.4766 23.2890 7.0155 
-6.2593 23.0935 6.8686 
-6.0007 22.7320 6.6553 
-5.9604 22.6853 6.6250 
-5.7063 22.3929 6.4459 
-5.4245 22.0185 6.2370 
-5.3973 21.9817 6.2150 
-4.9710 21.5332 5.9263 
-4.9047 21.4409 5.8521 
-4.8642 21.3869 5.8297 
-4.6504 21.2314 5.7480 
-4.2719 20.8604 5.5771 
-4.1404 20.7968 5.4849 
-4.0987 20.7774 5.4613 
-3.7960 20.6400 5.2907 
-3.7233 20.6144 5.2504 
-3.3752 20.4913 5.0484 
-3.3561 20.4849 5.0432 
-2.8624 20.3961 4.7716 
-2.8404 20.3915 4.7527 
-2.7277 20.3993 4.6488 
-2.5318 20.3624 4.4946 
-2.4799 20.3517 4.4609 
-2.0332 20.4518 4.2205 
% end
