% Curve 1: Surface+, Curve; 
% Length=80.5654; NumberOfSegments=391; FullyAttached=Yes; Closed=Yes; 
% Units: mm
% begin
2.0052 27.1724 11.2017 
1.9547 27.2482 11.2738 
1.9308 27.2673 11.3024 
1.7625 27.7096 11.6916 
1.7238 27.7724 11.7132 
1.6193 27.8677 11.7616 
1.5228 27.9536 11.7737 
1.2388 28.2264 11.8110 
1.0643 28.3808 11.7415 
0.9796 28.4313 11.7487 
0.8589 28.4932 11.7657 
0.4682 28.7021 11.8302 
0.4269 28.7211 11.8392 
0.1513 29.0197 12.1372 
0.1021 29.0347 12.1717 
0.0652 29.0551 12.1852 
0.0304 29.0709 12.1987 
-0.5974 29.3288 12.3798 
-0.6057 29.3324 12.3826 
-0.6365 29.3414 12.3950 
-0.7101 29.3724 12.4235 
-0.7332 29.3713 12.4362 
-1.1523 29.4596 12.5534 
-1.2549 29.4697 12.5941 
-1.4582 29.5251 12.6992 
-1.5802 29.5774 12.8031 
-1.6973 29.6372 12.8891 
-1.8481 29.6932 12.9733 
-1.8914 29.6975 13.0036 
-2.0010 29.7372 13.1745 
-2.1470 29.8122 13.3855 
-2.1771 29.8271 13.4296 
-2.4125 29.9683 13.8543 
-2.4941 30.0142 13.9664 
-2.5135 30.0214 13.9892 
-2.5524 30.0352 14.0328 
-2.8868 30.1869 14.5312 
-2.9012 30.1888 14.5528 
-2.9919 30.2224 14.7526 
-3.0150 30.2142 14.7964 
-3.0376 30.2260 14.8298 
-3.0941 30.3340 15.1984 
-3.1201 30.3979 15.3474 
-3.1287 30.4120 15.3894 
-3.1290 30.4129 15.3924 
-3.1282 30.4188 15.4105 
-3.1656 30.4886 16.0820 
-3.1658 30.4888 16.0838 
-3.1679 30.4911 16.1063 
-3.3428 30.6012 16.7965 
-3.3435 30.6019 16.8036 
-3.3561 30.6095 16.9169 
-3.5149 30.6707 17.5645 
-3.5130 30.6715 17.5904 
-3.5100 30.6719 17.6339 
-3.4143 30.6681 18.2673 
-3.4127 30.6679 18.2777 
-3.3972 30.6658 18.3782 
-3.4147 30.6670 18.9396 
-3.4156 30.6666 18.9702 
-3.4380 30.6711 19.1361 
-3.5589 30.6517 19.5173 
-3.5812 30.6411 19.5908 
-3.8022 30.5425 20.0358 
-3.9298 30.4876 20.2000 
-3.9610 30.4735 20.2695 
-3.9641 30.4712 20.2775 
-4.0403 30.4106 20.5288 
-4.1388 30.3359 20.7934 
-4.1615 30.3084 20.8636 
-4.1701 30.2749 20.9834 
-4.1664 30.2195 21.0644 
-4.0808 30.0494 21.3412 
-4.0804 30.0128 21.3941 
-4.0691 29.6707 21.7640 
-4.0653 29.5938 21.8665 
-4.0691 29.5082 21.9613 
-4.0652 28.9865 22.3708 
-4.0794 28.9008 22.4208 
-4.1319 28.6235 22.6158 
-4.2507 28.2568 22.8317 
-4.2922 28.1327 22.8862 
-4.3455 27.9265 22.9484 
-4.4620 27.5056 23.0717 
-4.4686 27.4791 23.0798 
-4.5483 27.0262 23.1560 
-4.6150 26.7351 23.1983 
-4.6161 26.7291 23.1986 
-4.7097 26.2861 23.2099 
-4.7711 25.9874 23.2183 
-4.7786 25.9407 23.2151 
-4.8498 25.5690 23.1840 
-4.9050 25.2312 23.1602 
-4.9097 25.1934 23.1547 
-4.9274 24.7669 23.1103 
-4.9298 24.6675 23.1008 
-4.9299 24.6495 23.0984 
-4.9082 24.1587 23.0440 
-4.9086 24.1299 23.0377 
-4.9084 24.1240 23.0366 
-4.8935 24.0879 23.0276 
-4.7253 23.3852 22.9471 
-4.7195 23.3628 22.9437 
-4.6930 23.0798 22.8764 
-4.6579 22.7467 22.7992 
-4.6429 22.6568 22.7685 
-4.4429 22.2871 22.7262 
-4.4362 22.2689 22.7221 
-4.4154 22.2584 22.7301 
-4.2950 22.1748 22.7662 
-3.8864 21.8776 22.9060 
-3.8429 21.8451 22.9220 
-3.4729 21.7224 23.1172 
-3.1757 21.5829 23.2224 
-3.1429 21.5614 23.2352 
-2.9581 21.4454 23.2894 
-2.7829 21.3463 23.3419 
-2.7093 21.2823 23.3617 
-2.5230 21.1179 23.4179 
-2.3967 20.9646 23.4546 
-2.3230 20.9164 23.4774 
-1.8651 20.6152 23.6311 
-1.8557 20.6076 23.6438 
-1.7646 20.5259 23.6796 
-1.6793 20.4503 23.7237 
-1.5563 20.4110 23.7637 
-1.0922 20.2718 23.9459 
-1.0012 20.2456 23.9853 
-0.9628 20.2327 24.0029 
-0.9532 20.2373 24.0253 
-0.9476 20.2390 24.0389 
-0.9437 20.2411 24.0958 
-0.7638 20.2360 24.5162 
-0.7311 20.1551 24.6432 
-0.7033 20.0824 24.7531 
-0.6974 19.9788 24.8227 
-0.6759 19.9487 24.8425 
-0.5091 19.6944 24.9866 
-0.4416 19.5719 25.0353 
-0.4075 19.4595 25.0358 
-0.4123 19.3997 25.0596 
-0.2488 18.8286 25.5697 
-0.2406 18.7652 25.6274 
-0.2322 18.7496 25.6509 
-0.1960 18.7337 25.7721 
0.1380 18.5185 26.3549 
0.1509 18.5101 26.3734 
0.1807 18.4938 26.4142 
0.4388 18.3462 26.7716 
0.6640 18.2126 27.0270 
0.7459 18.1667 27.1181 
0.9219 18.0446 27.3293 
1.0857 17.9279 27.4966 
1.2562 17.7636 27.6933 
1.3100 17.7258 27.7479 
1.4493 17.6289 27.8362 
1.4854 17.5929 27.8630 
1.4897 17.5894 27.8659 
1.9083 17.2391 28.0948 
1.9258 17.2110 28.1405 
1.9425 17.1883 28.1526 
1.9506 17.1787 28.1563 
1.9791 17.1468 28.1697 
2.3847 16.6640 28.3572 
2.4064 16.6350 28.3669 
2.5882 16.3941 28.4461 
2.7429 16.1985 28.5146 
2.7745 16.1604 28.5288 
2.9632 15.9345 28.6110 
3.1570 15.7880 28.6991 
3.1897 15.7572 28.7137 
3.3179 15.6372 28.7669 
3.3886 15.5651 28.7965 
3.4366 15.5266 28.8160 
3.4897 15.4822 28.8464 
3.8485 14.8975 28.9456 
3.9159 14.8339 28.9722 
4.1412 14.6343 29.0454 
4.1530 14.6223 29.0460 
4.1652 14.6112 29.0472 
4.6089 14.1390 29.0602 
4.6776 14.1208 29.0868 
5.2672 13.9901 29.2673 
5.3479 13.9547 29.2866 
5.3522 13.9528 29.2877 
5.5120 13.8800 29.3361 
5.9942 13.6007 29.4378 
6.0168 13.5795 29.4401 
6.2182 13.4414 29.4131 
6.3941 13.2833 29.3662 
6.4038 13.2733 29.3627 
6.5563 13.1093 29.3144 
6.8571 12.7840 29.2181 
6.8658 12.7755 29.2157 
7.0945 12.5794 29.1211 
7.2398 12.4856 29.0709 
7.3324 12.4258 29.0388 
7.5687 12.3164 28.9772 
7.6611 12.3129 28.9604 
8.0862 12.2783 28.9019 
8.1843 12.2758 28.8758 
8.2002 12.2683 28.8684 
8.2622 12.2427 28.8319 
8.7939 12.0562 28.5436 
8.9775 12.0584 28.4940 
9.2567 12.0757 28.4015 
9.2940 12.0739 28.3855 
9.3201 12.0696 28.3716 
9.9829 11.9956 27.9623 
10.0510 11.9877 27.9199 
10.0799 11.9850 27.9026 
10.0959 11.9843 27.8921 
10.1646 12.0032 27.8706 
10.1772 12.0004 27.8721 
10.4449 12.0723 27.7167 
10.8449 12.1294 27.4927 
10.9137 12.1403 27.5127 
11.2255 12.0537 27.2476 
11.2277 12.0511 27.2506 
11.2594 12.0459 27.2154 
11.2530 12.0443 27.2003 
11.4252 11.8079 26.9772 
11.5604 11.8982 26.8873 
11.6643 11.9729 26.8103 
11.6832 11.9851 26.7957 
11.7211 12.0114 26.7673 
11.9592 12.2390 26.4884 
11.9829 12.2651 26.4549 
11.9860 12.2849 26.4350 
12.2661 12.5300 26.0887 
12.2716 12.5345 26.0804 
12.4287 12.6716 25.8308 
12.5365 12.8019 25.7272 
12.5708 12.8426 25.6928 
12.7313 13.0666 25.5044 
12.7582 13.0777 25.4941 
12.7810 13.0872 25.4853 
12.8689 13.1536 25.3783 
12.8960 13.1894 25.3540 
13.1590 13.6162 25.0216 
13.2002 13.6587 24.9844 
13.2355 13.6905 24.9615 
13.3930 14.0644 24.7484 
13.3938 14.0665 24.7472 
13.3961 14.0716 24.7436 
13.4194 14.1428 24.6761 
13.7077 14.6304 24.2555 
13.7361 14.6981 24.2399 
13.7589 14.7959 24.2062 
13.9159 15.3921 24.0868 
13.9273 15.4291 24.0756 
13.9452 15.5157 24.0456 
13.9201 15.7059 23.9731 
14.0199 15.9935 23.7604 
14.0467 16.0641 23.7276 
14.5096 16.4763 23.4469 
14.5268 16.4921 23.3933 
14.5469 16.5148 23.3779 
14.5539 16.5233 23.3708 
14.7352 16.7444 23.1852 
14.7477 16.7602 23.1704 
14.9352 17.2500 22.9265 
14.9357 17.2513 22.9258 
14.9349 17.2552 22.9216 
15.1113 17.8267 22.6647 
15.1248 17.9100 22.6394 
15.1393 17.9952 22.6141 
15.3174 18.4310 22.3556 
15.3342 18.4644 22.3320 
15.3706 18.5225 22.2963 
15.5314 18.9497 22.0205 
15.5353 18.9638 22.0101 
15.5641 19.1608 21.9261 
15.6441 19.5869 21.7479 
15.6482 19.6055 21.7402 
15.6735 19.9497 21.6514 
15.7713 20.2506 21.5795 
15.7719 20.2588 21.5774 
15.7934 20.4427 21.5096 
15.8469 20.7607 21.3475 
15.8717 20.8553 21.2744 
15.8936 20.9322 21.2164 
15.9178 21.1591 21.0988 
15.9197 21.1896 21.0814 
15.9985 21.5321 20.7906 
15.9910 21.6489 20.7488 
15.9853 21.7300 20.7196 
16.0235 22.1179 20.4249 
16.0374 22.1291 20.3518 
16.0221 22.1799 20.3324 
16.0215 22.1847 20.3271 
15.9661 22.3503 20.1261 
15.8135 22.5411 20.2957 
15.8216 22.5757 20.3217 
15.8249 22.5918 20.3062 
15.7864 22.7445 20.2541 
15.7792 22.8401 20.2102 
15.7354 22.9285 20.1033 
15.6686 23.0789 19.9150 
15.6027 23.1093 19.8310 
15.6124 23.1572 19.6901 
15.6021 23.1793 19.6594 
15.5739 23.2724 19.5436 
15.5433 23.3981 19.3411 
15.4984 23.4850 19.1866 
15.4479 23.5739 18.9693 
15.4349 23.5879 18.9322 
15.2981 23.7917 18.6310 
15.2025 23.9395 18.4294 
15.1075 24.0337 18.2941 
15.0995 24.0405 18.2813 
15.0758 24.0524 18.2568 
14.9199 24.1251 18.0898 
14.8275 24.1544 18.0128 
14.4957 24.2925 17.7549 
14.4662 24.2906 17.7361 
14.4460 24.3091 17.6968 
14.1919 24.3331 17.4106 
14.1658 24.3383 17.3809 
13.8667 24.3761 17.0942 
13.7919 24.3738 17.0285 
13.7815 24.3733 17.0174 
13.6918 24.3766 16.9061 
13.4675 24.3610 16.6346 
13.4553 24.3606 16.6198 
13.2697 24.3497 16.4085 
13.0839 24.3252 16.1842 
13.0538 24.3172 16.1441 
12.8943 24.2740 15.9333 
12.8731 24.2688 15.9059 
12.8648 24.2688 15.8974 
12.7265 24.2715 15.7523 
12.6784 24.2761 15.6956 
12.3537 24.2721 15.3270 
12.3187 24.2680 15.3003 
12.2783 24.2822 15.2855 
12.2162 24.2578 15.2758 
12.1752 24.2407 15.2697 
11.9598 24.2302 15.0985 
11.8175 24.2197 14.9917 
11.5039 24.3013 14.8678 
11.3466 24.2623 14.7654 
11.3364 24.2599 14.7597 
10.9627 24.2635 14.5468 
10.6420 24.2673 14.3641 
10.6093 24.2673 14.3455 
10.4140 24.2691 14.2502 
9.8859 24.2312 14.0026 
9.7899 24.2369 13.9546 
9.4953 24.2584 13.8212 
9.1284 24.2987 13.6495 
9.1238 24.2992 13.6475 
8.6021 24.3362 13.4367 
8.3190 24.3482 13.3262 
8.2926 24.3547 13.3133 
8.0518 24.4139 13.1971 
8.0414 24.4147 13.1873 
8.0276 24.4156 13.1743 
7.6129 24.4708 13.0039 
7.5320 24.4816 12.9708 
6.9797 24.5803 12.7404 
6.7680 24.6156 12.6525 
6.7259 24.6223 12.6351 
6.1677 24.7119 12.4075 
6.0130 24.7367 12.3444 
6.0040 24.7380 12.3389 
5.9196 24.7520 12.2875 
5.3507 24.7437 11.9223 
5.2657 24.7288 11.8996 
4.8733 24.8754 11.7110 
4.8455 24.8864 11.6964 
4.6780 24.9521 11.6086 
4.4900 25.0259 11.5101 
4.4406 25.0458 11.5081 
4.1906 25.1464 11.4978 
3.7797 25.3202 11.4202 
3.7346 25.3375 11.4245 
3.4218 25.7147 11.2569 
3.3916 25.7529 11.2181 
3.2154 25.7716 11.1853 
3.0409 25.8173 11.1403 
3.0291 25.8200 11.1365 
2.9169 25.7735 11.1365 
2.8688 25.6175 10.8064 
2.7729 25.7663 10.7252 
2.4648 25.9711 10.6316 
2.3695 26.0887 10.6588 
2.2894 26.2005 10.6777 
2.2002 26.3174 10.7010 
2.0720 26.9573 11.0686 
2.0247 27.1411 11.1483 
2.0052 27.1724 11.2017 
% end
