% Curve 1: Surface+, Curve; 
% Length=71.7395; NumberOfSegments=330; FullyAttached=Yes; Closed=Yes; 
% Units: mm
% begin
2.5442 23.8069 10.9818 
2.5062 23.8117 10.9776 
2.2781 23.8302 10.9762 
2.2437 23.8324 10.9758 
2.1923 23.8362 10.9735 
2.0569 23.8956 10.9656 
2.0428 23.9032 10.9616 
1.5257 24.0474 11.0001 
1.4566 24.0737 11.0249 
1.2358 24.1794 11.0698 
0.9948 24.3100 11.1281 
0.9060 24.3583 11.1492 
0.4036 24.5858 11.2291 
0.3194 24.6079 11.2448 
0.2433 24.6314 11.2536 
-0.4968 25.0373 11.4256 
-0.5575 25.0631 11.4360 
-0.5668 25.0672 11.4373 
-0.6418 25.1102 11.4518 
-1.1098 25.4441 11.5673 
-1.3239 25.5851 11.6179 
-1.3518 25.6066 11.6255 
-1.3634 25.6155 11.6287 
-1.5206 25.7119 11.6622 
-1.8138 25.8816 11.7209 
-1.8484 25.9014 11.7288 
-2.0739 26.0174 11.7776 
-2.2242 26.0874 11.8017 
-2.2386 26.0936 11.8048 
-2.7194 26.2713 11.8911 
-2.9053 26.3949 11.9539 
-3.0306 26.4776 11.9977 
-3.4484 26.7340 12.1370 
-3.6015 26.8845 12.2081 
-3.7516 27.0326 12.2701 
-3.8436 27.1240 12.3082 
-3.9160 27.1931 12.3747 
-4.0292 27.2319 12.4265 
-4.1546 27.2973 12.4646 
-4.3204 27.3711 12.5369 
-4.6755 27.4958 12.6080 
-4.7604 27.5296 12.6234 
-5.6288 27.8527 12.7403 
-5.6931 27.8781 12.7516 
-5.7352 27.8929 12.7599 
-5.9109 27.9665 12.8100 
-6.4446 28.1675 12.9321 
-6.7004 28.2551 12.9976 
-6.8494 28.3112 13.0418 
-7.1138 28.3959 13.1315 
-7.4065 28.5381 13.2800 
-7.5031 28.5824 13.3327 
-7.6196 28.6089 13.3753 
-7.9185 28.6608 13.5121 
-8.2658 28.7944 13.7048 
-8.3578 28.8661 13.7726 
-8.4757 28.9569 13.8478 
-8.9328 29.1295 14.1166 
-8.9977 29.1579 14.1553 
-9.0332 29.1742 14.1807 
-9.4634 29.2904 14.4881 
-9.5424 29.3119 14.5445 
-9.6345 29.3379 14.6168 
-9.9914 29.4103 14.9561 
-10.0780 29.4084 15.0535 
-10.1882 29.4051 15.1990 
-10.4020 29.4416 15.4883 
-10.4080 29.4424 15.5096 
-10.4880 29.4579 15.7608 
-10.5348 29.3956 15.8910 
-10.7132 29.1656 16.3744 
-10.7694 29.0830 16.5131 
-10.7827 29.0597 16.5409 
-10.7929 29.0177 16.5914 
-10.8139 28.9820 16.7230 
-10.9176 28.7503 17.3445 
-10.9330 28.7105 17.4333 
-10.9480 28.5826 17.7183 
-10.9568 28.5012 17.8742 
-10.9527 28.4752 17.9228 
-10.9280 28.3738 18.1875 
-10.9247 28.3628 18.2218 
-10.8499 28.2474 18.5681 
-10.7895 28.1769 18.8407 
-10.7746 28.1411 18.9140 
-10.7344 28.0789 19.0340 
-10.5932 27.6697 19.6441 
-10.5262 27.5512 19.8402 
-10.4510 27.3216 20.1118 
-10.4098 27.2020 20.2509 
-10.3570 27.0278 20.4411 
-10.3441 26.9942 20.4749 
-10.2986 26.8583 20.6002 
-10.2865 26.8050 20.6397 
-10.2339 26.6701 20.7248 
-10.1329 26.3369 20.8945 
-10.1268 26.3189 20.9031 
-9.9482 25.8311 21.1531 
-9.9438 25.8186 21.1593 
-9.9364 25.7826 21.1704 
-9.8374 25.4340 21.2576 
-9.8367 25.4319 21.2580 
-9.8293 25.4101 21.2621 
-9.6318 24.7688 21.3554 
-9.6022 24.6935 21.3747 
-9.5400 24.5595 21.4033 
-9.2962 23.9457 21.4713 
-9.2791 23.9085 21.4789 
-9.2459 23.8555 21.4859 
-9.0878 23.5872 21.5045 
-9.0236 23.5103 21.5021 
-8.7452 23.1752 21.4904 
-8.7010 23.1319 21.4855 
-8.5834 23.0217 21.4800 
-8.1748 22.6384 21.4604 
-8.0984 22.5726 21.4548 
-7.8326 22.3396 21.4293 
-7.7341 22.2529 21.4192 
-7.4087 21.9664 21.3862 
-7.2960 21.8617 21.3658 
-7.0063 21.5926 21.3134 
-6.7900 21.3950 21.2796 
-6.7884 21.3936 21.2794 
-6.1384 20.7746 21.1836 
-6.1245 20.7617 21.1822 
-6.1103 20.7681 21.1735 
-5.8799 20.4739 21.1203 
-5.8163 20.3879 21.1106 
-5.5137 19.9594 21.0571 
-5.5022 19.9402 21.0580 
-5.4193 19.7973 21.0906 
-5.1575 19.3365 21.1073 
-5.0599 19.2732 21.0577 
-5.0194 19.2331 21.0734 
-4.4806 18.9161 21.1359 
-4.2638 18.7775 21.1641 
-4.2082 18.7648 21.1762 
-4.1292 18.7382 21.2228 
-4.1146 18.7316 21.2373 
-3.7566 18.5893 21.4274 
-3.5673 18.5317 21.5282 
-3.5512 18.5294 21.5368 
-3.0478 18.4585 21.8211 
-3.0371 18.4568 21.8271 
-3.0250 18.4549 21.8339 
-2.8702 18.4700 21.9596 
-2.4632 18.4837 22.1364 
-2.4617 18.4839 22.1375 
-2.4096 18.4879 22.1756 
-2.3710 18.4855 22.2344 
-1.9344 18.3132 22.4909 
-1.9213 18.3089 22.4971 
-1.6652 18.2248 22.6180 
-1.3644 18.0666 22.7331 
-1.2753 18.0535 22.7825 
-0.9723 18.0157 22.9304 
-0.9231 18.0056 22.9531 
-0.9163 18.0039 22.9561 
-0.6804 17.9507 23.0464 
-0.4593 17.9006 23.1309 
-0.4393 17.8957 23.1383 
-0.3897 17.8839 23.1555 
-0.1740 17.8298 23.2289 
0.1542 17.7425 23.3391 
0.1694 17.7402 23.3447 
0.4158 17.7030 23.4334 
0.7388 17.6505 23.5487 
0.9015 17.6337 23.6091 
0.9626 17.6311 23.6327 
1.0471 17.6276 23.6655 
1.3430 17.5892 23.7753 
1.3467 17.5887 23.7767 
1.4313 17.5816 23.8085 
1.6752 17.5627 23.9004 
1.7531 17.5539 23.9294 
1.8006 17.5487 23.9460 
2.3032 17.5297 24.1266 
2.4608 17.5255 24.1835 
2.4678 17.5245 24.1859 
2.4900 17.5216 24.1925 
2.5638 17.5189 24.2159 
3.0080 17.5201 24.3608 
3.2299 17.5426 24.4383 
3.2573 17.5458 24.4463 
3.5922 17.5950 24.5479 
3.9933 17.6125 24.6548 
4.0909 17.6039 24.6763 
4.2358 17.5967 24.6941 
4.8192 17.5393 24.7555 
5.1759 17.4769 24.7832 
5.1907 17.4732 24.7840 
5.3560 17.4379 24.7750 
5.8638 17.2826 24.7292 
5.9994 17.2456 24.7187 
6.2251 17.1838 24.7017 
6.7646 17.1813 24.6907 
7.0342 17.1923 24.6721 
7.1929 17.3554 24.7151 
7.1960 17.3587 24.7154 
7.7665 17.6880 24.6606 
7.8320 17.7222 24.6660 
7.9766 17.8053 24.6685 
8.3364 17.9590 24.6384 
8.3803 17.9794 24.6329 
8.5290 18.0439 24.6109 
8.7116 18.1286 24.5879 
8.7865 18.1654 24.5761 
8.8576 18.1942 24.5609 
8.9106 18.2162 24.5488 
9.5329 18.5020 24.4190 
9.5416 18.5012 24.4242 
9.5840 18.4977 24.4495 
9.6712 18.6860 24.4307 
9.8193 18.8374 24.4827 
9.8384 18.8514 24.4816 
10.2055 19.1345 24.4519 
10.2209 19.1458 24.4510 
10.2654 19.1687 24.4554 
10.3629 19.1733 24.4495 
11.0314 19.5900 24.2224 
11.1301 19.6488 24.1790 
11.3080 19.7758 24.0892 
11.6242 19.9775 23.8863 
11.6371 19.9928 23.8724 
11.6607 20.0217 23.8476 
11.6876 20.0494 23.8132 
11.7120 20.0834 23.7926 
11.9177 20.7027 23.3732 
11.9422 20.7746 23.3220 
11.9435 20.7793 23.3200 
11.9731 20.9389 23.2529 
12.0832 21.4718 22.9530 
12.0927 21.5142 22.9243 
12.1054 21.7369 22.7751 
12.1079 21.7782 22.7434 
12.1029 21.9972 22.5748 
12.0974 22.1880 22.3733 
12.0875 22.3069 22.2480 
12.0688 22.5178 22.0040 
12.0686 22.5202 22.0013 
12.0339 22.9940 21.4817 
12.0382 23.0512 21.3454 
12.0355 23.0904 21.3009 
12.0331 23.1542 21.2298 
12.0329 23.2282 21.1381 
12.0290 23.3879 20.9380 
12.0390 23.6160 20.5955 
12.0364 23.6618 20.5438 
12.0030 23.8259 20.3402 
11.9919 23.8768 20.2804 
11.8878 24.0973 19.9813 
11.8615 24.1582 19.8814 
11.8549 24.1719 19.8582 
11.8042 24.2843 19.6277 
11.7733 24.3599 19.4357 
11.7688 24.3715 19.4035 
11.7547 24.3919 19.3398 
11.6327 24.5692 18.7956 
11.6318 24.5703 18.7923 
11.6066 24.5915 18.7183 
11.5253 24.6938 18.1788 
11.5219 24.6982 18.1562 
11.4731 24.7540 17.9669 
11.3879 24.8659 17.5463 
11.3738 24.8742 17.4564 
11.3717 24.8767 17.4468 
11.3602 24.8846 17.4037 
11.3356 24.9009 17.2565 
11.2992 24.9000 17.1163 
11.2152 24.9185 16.8856 
11.1630 24.9146 16.6724 
11.1546 24.9120 16.6462 
11.0921 24.8901 16.4444 
10.9278 24.8723 16.0081 
10.9232 24.8679 15.9867 
10.8249 24.7760 15.7432 
10.8182 24.7698 15.7327 
10.4721 24.6807 15.3617 
10.4536 24.6735 15.3401 
10.4377 24.6620 15.3174 
10.1662 24.4621 15.0014 
10.1468 24.4478 14.9784 
10.0615 24.4194 14.8665 
9.8522 24.1736 14.6067 
9.7871 24.1202 14.5275 
9.6224 23.9781 14.3017 
9.5866 23.9262 14.2491 
9.4641 23.7466 14.0663 
9.3424 23.5159 13.8763 
9.3190 23.4719 13.8399 
9.2622 23.3558 13.7385 
8.9825 22.7942 13.2424 
8.9797 22.7874 13.2372 
8.9751 22.7738 13.2258 
8.9774 22.7644 13.2120 
8.8265 22.4588 12.9196 
8.7962 22.3961 12.8579 
8.6498 22.2119 12.6298 
8.6046 22.1543 12.5589 
8.5502 22.1273 12.4985 
8.4379 22.1181 12.4009 
8.3125 22.1065 12.2950 
8.2865 22.1072 12.2753 
8.1337 22.0681 12.2487 
7.7516 22.2363 12.1150 
7.7287 22.2469 12.1049 
7.2722 22.4067 11.9046 
7.2161 22.4381 11.8798 
7.1595 22.4693 11.8583 
6.5970 22.6865 11.6534 
6.4705 22.7071 11.6098 
6.2929 22.7372 11.5632 
5.8495 22.8685 11.4413 
5.7833 22.8947 11.4225 
5.3766 23.0544 11.3448 
5.3656 23.0590 11.3337 
5.3430 23.0662 11.3171 
5.3289 23.0675 11.3151 
5.0893 23.1887 11.3027 
4.9588 23.2507 11.3025 
4.5678 23.4292 11.2383 
4.5586 23.4339 11.2374 
4.4725 23.4780 11.2259 
3.9105 23.7650 11.1511 
3.8830 23.7789 11.1469 
3.6091 23.8581 11.1140 
3.6037 23.8593 11.1134 
3.4463 23.9005 11.1282 
3.0550 23.8040 11.0621 
2.9784 23.7869 11.0434 
2.5442 23.8069 10.9818 
% end
