% Curve 1: 130045, Curve; 
% Length=77.1128; NumberOfSegments=331; FullyAttached=Yes; Closed=Yes; 
% Units: mm
% begin
8.9326 26.5850 9.5656 
8.8636 26.5697 9.5440 
8.2712 26.4398 9.3523 
8.2218 26.4234 9.3337 
8.2068 26.4220 9.3297 
8.1832 26.4192 9.3250 
7.7180 26.4066 9.2472 
7.3633 26.3834 9.1831 
7.3471 26.3836 9.1806 
7.3398 26.3837 9.1793 
6.6750 26.3928 9.0555 
6.6713 26.3930 9.0548 
6.6523 26.3940 9.0511 
6.0588 26.4213 8.9339 
6.0523 26.4216 8.9329 
6.0213 26.4237 8.9281 
5.7994 26.4159 8.8842 
5.5368 26.3898 8.8256 
5.5166 26.3896 8.8179 
5.4208 26.3866 8.7669 
4.9486 26.2461 8.5372 
4.9173 26.2423 8.5236 
4.8412 26.2334 8.4884 
4.6537 26.2365 8.4104 
4.6031 26.2308 8.3871 
4.3321 26.2036 8.2513 
4.0607 26.0753 8.0763 
3.8255 25.9895 7.9344 
3.7516 25.9604 7.9042 
3.4181 25.8520 7.7730 
3.2392 25.8477 7.7158 
2.9550 25.8277 7.6996 
2.9165 25.8232 7.6971 
2.8447 25.8112 7.7108 
2.3284 25.7705 7.8179 
2.2982 25.7679 7.8250 
2.2129 25.7595 7.8448 
1.8862 25.7243 7.9201 
1.7790 25.7161 7.9296 
1.7475 25.7090 7.9317 
1.4495 25.5505 7.9394 
1.4003 25.5247 7.9370 
1.1139 25.3579 7.9209 
1.0177 25.3108 7.9166 
0.9097 25.2585 7.9078 
0.7269 25.1250 7.8871 
0.4308 24.9573 7.8598 
0.2998 24.8800 7.8831 
0.2589 24.8613 7.8905 
0.0177 24.7333 8.0650 
0.0106 24.7310 8.0700 
-0.1604 24.6631 8.2884 
-0.4385 24.4985 8.6497 
-0.4847 24.4562 8.7113 
-0.6922 24.2147 9.1188 
-0.8324 24.0253 9.4030 
-0.8675 23.9858 9.4714 
-0.9681 23.8421 9.7606 
-1.1421 23.5160 10.2549 
-1.1695 23.4351 10.3871 
-1.3644 23.0964 11.2219 
-1.4085 23.0215 11.4059 
-1.4924 22.8902 11.6895 
-1.5866 22.7971 12.2116 
-1.7397 22.5990 13.3252 
-1.7562 22.5633 13.5233 
-1.8480 22.5792 14.6187 
-1.9037 22.5943 15.6683 
-1.9211 22.5968 15.7661 
-1.8960 22.8449 17.4544 
-1.8954 22.8660 17.6027 
-1.9217 22.8783 17.6547 
-1.7302 23.1606 19.1677 
-1.7142 23.1825 19.3727 
-1.6025 23.2270 20.0627 
-1.5064 23.2414 20.7759 
-1.4111 23.2246 21.2110 
-1.3931 23.2260 21.3030 
-1.3358 23.2119 21.4332 
-1.2209 23.1215 21.7752 
-1.1130 23.0366 22.0222 
-0.9942 22.9581 22.2772 
-0.8343 22.8112 22.6666 
-0.8132 22.7924 22.7036 
-0.6867 22.6773 22.9277 
-0.5045 22.5161 23.1380 
-0.4939 22.5032 23.1480 
-0.4879 22.4967 23.1534 
-0.4520 22.4763 23.1733 
-0.1368 22.2608 23.4265 
-0.0382 22.1946 23.4922 
0.0326 22.1684 23.5356 
0.2564 22.0042 23.6870 
0.2900 21.9800 23.7075 
0.4391 21.8626 23.7993 
0.4880 21.8308 23.8288 
0.7505 21.6622 23.9766 
0.8245 21.6145 24.0189 
0.8559 21.5954 24.0368 
1.1135 21.3877 24.1872 
1.1325 21.3726 24.1983 
1.4180 21.1444 24.3676 
1.5279 21.0617 24.4325 
1.7132 20.9607 24.5403 
1.7936 20.9165 24.5887 
2.0126 20.7810 24.7207 
2.0356 20.7668 24.7345 
2.2261 20.6777 24.8489 
2.3312 20.6199 24.9120 
2.3792 20.5914 24.9409 
2.6392 20.4412 25.0798 
2.6971 20.4076 25.1108 
2.7450 20.3809 25.1316 
3.0305 20.2447 25.2570 
3.1105 20.2020 25.2919 
3.3516 20.0778 25.3818 
3.5172 20.0051 25.4446 
3.8019 19.8589 25.5508 
3.8906 19.8140 25.5811 
4.0963 19.7153 25.6519 
4.1505 19.6871 25.6703 
4.5351 19.4867 25.8013 
4.5721 19.4683 25.8140 
4.6006 19.4556 25.8238 
4.6515 19.4264 25.8410 
4.9745 19.2380 25.9669 
5.1174 19.1537 26.0272 
5.3550 18.9992 26.1278 
5.4487 18.9399 26.1595 
5.4900 18.9110 26.1735 
5.6961 18.7271 26.2441 
5.7652 18.6678 26.2567 
6.0504 18.3992 26.3082 
6.0603 18.3905 26.3100 
6.1323 18.3298 26.3095 
6.1923 18.2598 26.3065 
6.4280 17.9874 26.2952 
6.4400 17.9740 26.2927 
6.7475 17.6548 26.2348 
6.7758 17.6256 26.2295 
6.7973 17.5989 26.2245 
6.8736 17.5061 26.2071 
7.0772 17.2622 26.1485 
7.1028 17.2343 26.1419 
7.3278 16.9887 26.0906 
7.3922 16.9225 26.0769 
7.4094 16.8938 26.0706 
7.4103 16.8925 26.0703 
7.4930 16.7805 26.0529 
7.6562 16.5549 26.0176 
7.6612 16.5490 26.0167 
7.8057 16.3716 26.0012 
7.9392 16.2190 25.9889 
7.9423 16.2150 25.9886 
7.9825 16.1635 25.9841 
8.1147 15.9714 25.9655 
8.2654 15.7652 25.9465 
8.2793 15.7452 25.9446 
8.4160 15.5499 25.9231 
8.6182 15.3153 25.9035 
8.6685 15.2383 25.8944 
8.6771 15.2100 25.8895 
8.7186 15.0906 25.8525 
8.7932 14.8236 25.7656 
8.8010 14.7822 25.7635 
9.0201 14.5526 25.6865 
9.0321 14.5425 25.6842 
9.0859 14.5031 25.6623 
9.2896 14.3074 25.5527 
9.3711 14.2280 25.5105 
9.4777 14.1263 25.4565 
9.6435 13.9949 25.3877 
9.7696 13.9639 25.3745 
9.9369 13.9152 25.3712 
10.0595 13.8973 25.3759 
10.0773 13.8965 25.3710 
10.1803 13.8791 25.3031 
10.5931 13.8940 25.2402 
10.7039 13.8865 25.2363 
11.2397 13.9993 25.3067 
11.3381 14.0006 25.3328 
11.4111 14.0376 25.3619 
11.4866 14.0593 25.3796 
11.5194 14.0703 25.3849 
11.8382 14.1814 25.4392 
11.8587 14.1890 25.4422 
11.9559 14.2239 25.4558 
12.1764 14.3175 25.4959 
12.1791 14.3183 25.4962 
12.6853 14.4762 25.5323 
12.7414 14.4978 25.5393 
12.7987 14.5210 25.5452 
12.9956 14.5904 25.5574 
13.2089 14.6630 25.5685 
13.2179 14.6660 25.5689 
13.3577 14.7166 25.5717 
13.5321 14.7842 25.5789 
13.5573 14.7944 25.5795 
13.8191 14.9025 25.5877 
13.9529 14.9593 25.5933 
13.9644 14.9657 25.5950 
14.3047 15.1631 25.6373 
14.3223 15.1726 25.6389 
14.4545 15.2470 25.6473 
14.7155 15.4111 25.6799 
14.7731 15.4498 25.6854 
15.0379 15.6127 25.6959 
15.1858 15.6996 25.6976 
15.2376 15.7357 25.6941 
15.3660 15.8193 25.6801 
15.6590 16.0492 25.6180 
15.6962 16.0777 25.6095 
15.7118 16.0906 25.6067 
15.7166 16.0944 25.6058 
16.0736 16.4109 25.5054 
16.0808 16.4175 25.5036 
16.3343 16.6807 25.4177 
16.4744 16.8249 25.3694 
16.5052 16.8575 25.3593 
16.5128 16.8665 25.3561 
16.5402 16.9004 25.3457 
16.6217 17.0014 25.3146 
17.0333 17.5018 25.1516 
17.0660 17.5409 25.1382 
17.2271 17.7625 25.0503 
17.5240 18.1670 24.8860 
17.5306 18.1755 24.8821 
17.9595 18.8420 24.5364 
17.9682 18.8493 24.5345 
17.9800 18.8663 24.5246 
18.3255 19.4992 24.1238 
18.3487 19.5407 24.0965 
18.4892 19.8740 23.8604 
18.5941 20.1259 23.6849 
18.5975 20.1372 23.6766 
18.7578 20.6575 23.2799 
18.7910 20.7679 23.1980 
18.7939 20.7810 23.1880 
18.9283 21.3703 22.7233 
18.9397 21.4229 22.6839 
18.9409 21.4300 22.6785 
19.0618 22.1037 22.1555 
19.0643 22.1177 22.1446 
19.0644 22.1186 22.1439 
19.0647 22.1202 22.1426 
19.1221 22.4810 21.8646 
19.1243 22.4964 21.8527 
19.1567 22.7159 21.6777 
19.1569 22.7173 21.6765 
19.1761 22.8759 21.5433 
19.2081 23.1385 21.3221 
19.2225 23.2679 21.2222 
19.2250 23.3103 21.1892 
19.2605 23.8740 20.7245 
19.2687 24.0210 20.6145 
19.2681 24.0380 20.6017 
19.2520 24.4750 20.2531 
19.2450 24.6673 20.1174 
19.2362 24.7183 20.0815 
19.1848 25.0056 19.8632 
19.1591 25.1583 19.7611 
19.0681 25.4006 19.6035 
19.0443 25.4622 19.5602 
19.0382 25.4726 19.5531 
18.9821 25.5736 19.4931 
18.8059 25.8749 19.2867 
18.7808 25.9207 19.2604 
18.6471 26.1086 19.1550 
18.5532 26.2365 19.0758 
18.5375 26.2545 19.0648 
18.4184 26.3999 18.9941 
18.2387 26.6025 18.8639 
18.2123 26.6342 18.8476 
18.0123 26.8343 18.7460 
17.9142 26.9270 18.6879 
17.9087 26.9314 18.6852 
17.8259 27.0050 18.6562 
17.5358 27.2347 18.5089 
17.5181 27.2503 18.5025 
17.2116 27.4609 18.4181 
17.1569 27.4939 18.3917 
17.1373 27.5035 18.3833 
16.9428 27.6093 18.3233 
16.7670 27.6998 18.2574 
16.6751 27.7290 18.2333 
16.5881 27.7599 18.2179 
16.4970 27.7839 18.1833 
16.0885 27.8521 18.0476 
15.9469 27.8792 18.0104 
15.8897 27.8849 17.9804 
15.5642 27.9235 17.8070 
15.4911 27.9171 17.7745 
15.3642 27.9071 17.7216 
15.1566 27.8362 17.4636 
15.0235 27.7865 17.2850 
14.9104 27.7730 17.1252 
14.7832 27.6617 16.3711 
14.6587 27.5518 15.6272 
14.6562 27.5368 15.5361 
14.6471 27.4809 15.2400 
14.5911 27.2536 14.0208 
14.5667 27.1564 13.4446 
14.5358 27.0002 12.7545 
14.5160 26.9479 12.6337 
14.4721 26.9086 12.4836 
14.4071 26.8602 12.2254 
14.2956 26.7281 11.6364 
14.1150 26.4954 11.1027 
13.9713 26.4899 10.9034 
13.7499 26.4970 10.5813 
13.4269 26.5039 10.1354 
13.4007 26.5079 10.1151 
13.2613 26.5181 10.0675 
13.2170 26.5245 10.0529 
12.7186 26.5656 10.0755 
12.6110 26.5706 10.0798 
12.5048 26.5781 10.0844 
12.0360 26.6086 10.1229 
11.9713 26.6100 10.1278 
11.9554 26.6106 10.1274 
11.3650 26.6491 10.1124 
11.3484 26.6500 10.1120 
11.2983 26.6534 10.1058 
10.7255 26.7026 10.0362 
10.7161 26.7035 10.0342 
10.6597 26.7085 10.0225 
10.1042 26.7207 9.9023 
10.0787 26.7214 9.8958 
10.0254 26.7248 9.8825 
9.4688 26.7005 9.7330 
9.4409 26.6958 9.7455 
8.9326 26.5850 9.5656 
% end
