% Curve 1: 131906, Curve; 
% Length=77.9349; NumberOfSegments=273; FullyAttached=Yes; Closed=Yes; 
% Units: mm
% begin
5.7927 24.0706 13.3498 
5.1018 24.3346 13.2921 
4.9227 24.3968 13.2915 
4.8574 24.4420 13.2981 
4.7044 24.5248 13.3065 
4.0758 24.8763 13.2977 
3.7698 25.1524 13.3326 
3.2361 25.4849 13.4000 
3.1230 25.6863 13.4226 
3.0592 25.8128 13.4930 
3.0475 25.8481 13.5104 
3.0271 25.9537 13.6290 
2.9492 26.1132 13.8411 
2.9051 26.1798 13.9377 
2.8898 26.2041 13.9920 
2.8065 26.3475 14.3041 
2.7238 26.4837 14.6045 
2.6968 26.5330 14.7676 
2.6802 26.7462 15.3655 
2.5842 26.8271 15.7654 
2.4301 26.9879 16.2912 
2.4278 26.9897 16.2993 
2.2781 27.2457 17.3326 
2.2136 27.3386 17.6694 
2.1852 27.3542 17.8869 
2.1709 27.3328 18.1420 
1.9233 27.4329 18.9603 
1.9165 27.4340 18.9814 
1.7777 27.4567 19.4256 
1.6515 27.4848 19.7212 
1.6254 27.4865 19.7779 
1.3816 27.4985 20.3324 
1.3502 27.4960 20.4308 
1.2878 27.4799 20.6119 
0.9165 27.4266 21.4314 
0.8911 27.4443 21.4647 
0.8725 27.4429 21.4917 
0.8426 27.4286 21.5602 
0.5796 27.3088 22.0598 
0.2692 27.1018 22.6733 
0.1412 27.0140 22.9393 
0.0458 26.9293 23.1438 
-0.1034 26.7638 23.4765 
-0.1917 26.6956 23.6048 
-0.3809 26.5233 23.8788 
-0.3874 26.5225 23.8883 
-0.5810 26.3083 24.2565 
-0.5964 26.2959 24.2745 
-0.7007 26.1797 24.4017 
-1.0352 25.7946 24.8530 
-1.0783 25.7507 24.8765 
-1.0969 25.7369 24.8891 
-1.5541 25.2998 25.3311 
-1.6139 25.2396 25.3930 
-1.6690 25.1951 25.4547 
-1.8609 24.8369 25.8195 
-1.8883 24.7635 25.8624 
-1.9052 24.7182 25.8890 
-2.0870 24.4179 26.1677 
-2.0940 24.3994 26.1869 
-2.1596 24.2290 26.3663 
-2.3165 23.8319 26.7814 
-2.3308 23.7900 26.8204 
-2.3640 23.3119 27.3316 
-2.3679 23.3039 27.3645 
-2.3902 23.3192 27.4259 
-2.4123 23.0003 27.8326 
-2.4369 22.9548 27.9189 
-2.5647 22.7694 28.0805 
-2.5694 22.7622 28.0884 
-2.6599 22.6597 28.2144 
-2.7830 22.5059 28.2289 
-2.8823 22.3806 28.2262 
-2.9455 22.2629 28.2265 
-3.0249 22.0445 28.0953 
-3.1105 21.8332 27.9343 
-3.1340 21.7669 27.8155 
-3.1675 21.7089 27.7035 
-3.2429 21.5598 27.5090 
-3.2850 21.4787 27.4031 
-3.3670 21.3770 27.1281 
-3.4072 21.3345 27.0114 
-3.5212 21.0671 26.7182 
-3.5234 21.0599 26.7099 
-3.6245 20.6081 26.2894 
-3.6420 20.5912 26.2793 
-3.6651 20.5690 26.2661 
-3.6691 20.5178 26.2392 
-3.6856 20.3068 26.1281 
-3.7202 19.8640 25.8950 
-3.7146 19.7894 25.8950 
-3.6870 19.4881 25.8920 
-3.6191 19.2544 25.8614 
-3.5799 19.1741 25.8827 
-3.5611 19.1371 25.8924 
-3.3824 18.7845 26.0783 
-3.2422 18.6764 26.2983 
-3.1105 18.5751 26.5048 
-2.9505 18.4329 26.9824 
-2.9221 18.4141 27.0556 
-2.8596 18.3574 27.2938 
-2.7177 18.2958 27.6730 
-2.7358 18.2431 27.7980 
-2.7409 18.2093 27.8682 
-2.6540 18.0062 28.1092 
-2.5966 17.9926 28.2368 
-2.5309 17.9784 28.3027 
-2.2306 17.9157 28.4554 
-2.2197 17.9134 28.4618 
-2.1036 17.8902 28.5290 
-2.0094 17.8675 28.5457 
-1.5100 17.7425 28.5918 
-1.4655 17.7313 28.5956 
-1.3090 17.6755 28.6120 
-1.0968 17.6009 28.4924 
-0.7525 17.4851 28.4145 
-0.7057 17.4621 28.3813 
-0.5774 17.3559 28.3028 
-0.4262 17.2368 28.2748 
-0.3885 17.2027 28.2707 
-0.0589 16.9011 28.2321 
-0.0187 16.8793 28.2386 
0.5936 16.5127 28.3770 
0.7443 16.4078 28.4030 
0.8525 16.3486 28.4306 
0.8661 16.3433 28.4352 
1.1337 16.2412 28.5180 
1.3605 16.1423 28.5814 
1.7764 15.9422 28.6856 
1.8794 15.8869 28.6973 
1.9757 15.8366 28.7097 
2.6943 15.5885 28.9382 
2.9361 15.4918 29.0010 
2.9687 15.4843 29.0057 
3.2918 15.3945 29.0344 
3.3619 15.3729 29.0380 
3.4614 15.3533 29.0335 
4.0625 15.2422 29.0149 
4.0687 15.2413 29.0145 
4.4646 15.1492 28.9556 
4.8783 15.1035 28.9421 
4.9065 15.0988 28.9397 
5.3415 15.0154 28.9163 
5.5177 14.9983 28.9199 
5.8099 14.9642 28.9332 
6.5076 14.9828 29.0522 
6.6263 14.9789 29.0662 
6.8285 14.9669 29.0955 
7.2043 14.9340 29.1377 
7.7991 14.9512 29.2837 
7.8405 14.9525 29.2937 
8.4307 14.9018 29.3350 
8.5953 14.8879 29.3468 
8.9253 14.8800 29.3580 
9.0815 14.8791 29.3680 
9.7336 14.9192 29.3816 
9.8830 14.9610 29.3641 
9.9631 15.0141 29.3942 
10.7041 15.5051 29.6733 
10.7086 15.5131 29.6804 
10.7899 15.6004 29.7908 
11.0969 15.8258 30.1749 
11.1723 15.8784 30.2684 
11.3364 16.1047 30.5942 
11.3964 16.2419 30.8948 
11.4813 16.3681 31.2288 
11.4772 16.3805 31.2378 
11.6114 16.5338 31.5519 
11.6196 16.5441 31.5712 
11.7045 16.6026 31.7228 
11.8427 16.7200 31.8553 
11.9326 16.7575 31.8707 
11.9883 16.8044 31.8288 
12.0141 16.8798 31.8219 
12.0053 16.9192 31.7972 
12.0056 16.9211 31.7949 
12.0636 16.9308 31.7000 
12.1116 16.9278 31.5761 
12.1403 16.9191 31.5154 
12.3264 16.9320 31.2614 
12.4076 16.9356 31.1465 
12.5417 16.9281 30.9821 
12.8486 17.0467 30.7136 
12.8957 17.0857 30.6631 
13.2675 17.3733 30.2881 
13.3039 17.4201 30.2267 
13.3277 17.4435 30.2062 
13.4251 17.5317 30.1283 
13.5696 17.6360 30.0337 
13.9859 18.0008 29.6775 
14.0050 18.0357 29.6446 
14.0639 18.1040 29.5860 
14.5453 18.7068 29.1286 
14.5533 18.7209 29.1230 
14.7308 19.0445 28.9908 
14.8559 19.1873 28.8930 
14.8657 19.2019 28.8833 
15.0880 19.5170 28.6360 
15.2429 19.7264 28.4497 
15.2984 19.8069 28.3905 
15.3288 19.8384 28.3406 
15.3428 19.8712 28.2913 
15.6253 20.3470 27.8892 
15.6347 20.3557 27.8717 
15.6620 20.3713 27.8157 
16.0343 20.5390 27.2351 
16.0672 20.5635 27.1854 
16.1408 20.6152 27.0817 
16.5111 21.0577 26.4459 
16.5458 21.1191 26.3471 
16.6937 21.2718 26.0759 
16.7035 21.2864 26.0607 
16.7401 21.3441 26.0008 
17.0263 21.8098 25.5587 
17.0947 21.9783 25.4041 
17.1452 22.1105 25.3119 
17.2549 22.6115 24.9708 
17.3090 22.7947 24.7930 
17.4707 23.3952 24.3375 
17.4812 23.4394 24.2967 
17.5340 23.8440 23.9498 
17.5382 24.2193 23.5152 
17.4986 24.4088 23.3435 
17.4722 24.5721 23.2066 
17.3354 25.0642 22.8645 
17.2847 25.2072 22.7529 
17.2603 25.2674 22.7025 
17.2429 25.3050 22.6741 
17.1231 25.4638 22.5025 
16.8335 25.9615 21.8766 
16.7481 25.9770 21.8329 
16.7217 26.0017 21.7641 
16.5487 26.1688 21.3149 
16.4410 26.2399 21.1216 
16.3307 26.2299 20.8519 
16.2499 26.2241 20.6446 
16.0813 26.2488 20.2762 
16.0316 26.2316 20.1248 
15.8234 26.1540 19.5269 
15.8084 26.1437 19.4759 
15.7328 26.0959 19.4164 
15.3664 25.7141 18.5220 
15.3303 25.6754 18.4524 
15.0740 25.3943 17.9528 
14.8695 25.2537 17.6355 
14.6376 25.0848 17.3698 
14.5079 24.9748 17.2100 
14.4498 24.9225 17.1580 
14.1069 24.5505 16.8192 
13.9843 24.4662 16.7225 
13.5004 24.1303 16.3802 
13.4437 24.0879 16.3388 
13.4287 24.0765 16.3296 
13.3122 24.0063 16.2711 
12.8673 23.7060 16.0021 
12.8010 23.6612 15.9665 
12.3352 23.4331 15.6731 
12.1377 23.3896 15.5463 
11.9188 23.3364 15.4261 
11.4325 23.2335 15.1653 
11.3667 23.2211 15.1237 
10.8204 23.2876 14.8539 
10.4721 23.3055 14.6844 
10.4582 23.3059 14.6782 
9.8725 23.3516 14.4328 
9.1869 23.4310 14.1600 
8.8447 23.4682 14.0286 
8.1218 23.5454 13.7968 
7.4177 23.7068 13.5974 
6.8893 23.8138 13.4790 
6.8157 23.8210 13.4705 
6.6861 23.8500 13.4637 
5.8079 24.0667 13.3523 
5.7927 24.0706 13.3498 
% end
