% Curve 1: Surface+, Curve; 
% Length=79.5018; NumberOfSegments=342; FullyAttached=Yes; Closed=Yes; 
% Units: mm
% begin
-3.0501 25.5703 4.6866 
-3.1596 25.6439 4.7704 
-3.5325 25.8411 5.0433 
-3.5639 25.8579 5.0680 
-3.7620 25.9897 5.2296 
-4.0457 26.1482 5.4540 
-4.0854 26.1695 5.4719 
-4.2640 26.4157 5.6966 
-4.2795 26.4332 5.7133 
-4.3708 26.5389 5.8261 
-4.5946 26.7357 6.0714 
-4.6126 26.7458 6.0884 
-4.6443 26.7556 6.1142 
-4.8069 26.8050 6.2513 
-4.9154 26.8384 6.3409 
-5.1032 26.9175 6.5055 
-5.3961 27.0077 6.7477 
-5.6059 27.0745 6.9221 
-5.7933 27.1353 7.0661 
-5.8971 27.1668 7.1450 
-5.9203 27.1739 7.1627 
-6.2530 27.2774 7.3935 
-6.4159 27.3021 7.4855 
-6.4217 27.3031 7.4886 
-6.4853 27.3170 7.5246 
-6.8490 27.3989 7.7322 
-6.9787 27.4274 7.8075 
-7.1786 27.4895 7.9386 
-7.3132 27.5337 8.0290 
-7.5370 27.5985 8.1942 
-7.6790 27.6660 8.3245 
-7.8124 27.7226 8.4587 
-7.9884 27.8194 8.6627 
-8.0916 27.8712 8.7890 
-8.3619 28.0939 9.3031 
-8.4675 28.2378 9.5777 
-8.5373 28.3099 9.7681 
-8.6436 28.4807 10.3758 
-8.7035 28.5371 10.7036 
-8.7386 28.5934 10.8787 
-8.9139 28.7473 11.7942 
-8.9234 28.7431 11.8988 
-9.0323 28.8531 13.3673 
-9.0550 28.8679 13.5565 
-9.0481 28.8764 13.6862 
-9.0467 28.8762 13.7120 
-9.0092 28.8998 14.1261 
-8.9171 28.9141 15.2325 
-8.8839 28.8857 15.3298 
-8.7538 28.9619 16.1660 
-8.6773 29.0052 16.5457 
-8.6181 29.0056 16.7736 
-8.5758 28.9925 17.1864 
-8.5257 28.9438 17.6880 
-8.5167 28.9397 17.7681 
-8.5127 28.9230 17.7983 
-8.5146 28.8864 17.8660 
-8.5403 28.5540 18.2226 
-8.5577 28.5006 18.2581 
-8.5759 28.4418 18.3484 
-8.7582 28.1937 18.6304 
-8.8627 28.0192 18.8042 
-8.9399 27.8665 18.9085 
-9.0185 27.7078 19.0170 
-9.0286 27.6899 19.0292 
-9.1782 27.4388 19.2275 
-9.3866 27.2377 19.3360 
-9.4567 27.1203 19.3521 
-9.4967 27.0501 19.3607 
-9.7258 26.7224 19.3541 
-9.7356 26.7087 19.3540 
-10.0088 26.2533 19.3871 
-10.1038 26.1801 19.4284 
-10.2129 25.4937 19.4973 
-10.1634 25.4042 19.4868 
-10.0518 24.8942 19.6654 
-10.0339 24.8374 19.6901 
-9.9317 24.3585 19.7961 
-9.9072 24.3164 19.8211 
-9.7590 24.0768 19.9562 
-9.7356 23.9982 19.9813 
-9.7352 23.9972 19.9816 
-9.6914 23.8922 20.0149 
-9.6067 23.5883 20.0536 
-9.6034 23.5824 20.0566 
-9.4807 23.3922 20.1391 
-9.4085 23.2279 20.1696 
-9.3243 23.0476 20.2061 
-9.2564 22.8383 20.2126 
-9.2527 22.8280 20.2126 
-9.1405 22.6595 20.2728 
-9.0472 22.4658 20.3007 
-8.9510 22.2770 20.3419 
-8.8705 22.0836 20.3606 
-8.8683 22.0783 20.3611 
-8.7664 21.9067 20.4131 
-8.6705 21.7143 20.4482 
-8.6699 21.7129 20.4485 
-8.5735 21.5180 20.4952 
-8.4982 21.3300 20.5177 
-8.4968 21.3265 20.5182 
-8.4140 21.1735 20.5697 
-8.3147 20.9543 20.6193 
-8.3138 20.9521 20.6199 
-8.2040 20.6833 20.6937 
-8.1630 20.5642 20.7165 
-8.1619 20.5605 20.7173 
-8.1308 20.4814 20.7431 
-8.0311 20.1882 20.8192 
-8.0244 20.1666 20.8253 
-7.9051 19.8145 20.9394 
-7.8920 19.7763 20.9522 
-7.8728 19.7321 20.9725 
-7.7458 19.3992 21.1016 
-7.7264 19.3585 21.1226 
-7.6049 19.1307 21.2311 
-7.5742 19.0737 21.2587 
-7.5556 19.0430 21.2720 
-7.5015 18.9715 21.3151 
-7.3125 18.6951 21.4595 
-7.2535 18.6210 21.5075 
-7.0501 18.3943 21.6389 
-7.0374 18.3798 21.6471 
-7.0342 18.3767 21.6485 
-7.0046 18.3499 21.6627 
-6.8115 18.1741 21.7547 
-6.7046 18.0887 21.7909 
-6.5531 17.9684 21.8426 
-6.3265 17.8105 21.9301 
-6.2391 17.7435 21.9610 
-6.0283 17.6157 21.9951 
-5.9852 17.5974 22.0069 
-5.8663 17.5638 22.0176 
-5.5038 17.4321 22.0283 
-5.4579 17.4212 22.0234 
-5.2224 17.4073 22.0369 
-5.0105 17.3829 22.0381 
-4.8423 17.3660 22.0365 
-4.1839 17.4525 22.1017 
-4.1796 17.4529 22.1021 
-4.1753 17.4539 22.1030 
-4.1422 17.4617 22.1104 
-3.4822 17.6473 22.2253 
-3.4569 17.6565 22.2315 
-3.1704 17.7667 22.2942 
-2.9604 17.8415 22.3354 
-2.7639 17.9123 22.3729 
-2.5852 17.9917 22.4181 
-2.3023 18.1176 22.4895 
-2.0502 18.2031 22.5357 
-1.9966 18.2271 22.5493 
-1.4980 18.4590 22.6608 
-1.3988 18.4770 22.6600 
-1.1591 18.5384 22.7106 
-0.7939 18.6236 22.7848 
-0.7092 18.6795 22.7764 
-0.6545 18.7205 22.7945 
-0.0861 18.7423 22.8746 
-0.0717 18.7379 22.8750 
-0.0543 18.7338 22.8756 
-0.0113 18.7228 22.8771 
0.5003 18.5803 22.9985 
0.5052 18.5789 23.0001 
0.6087 18.5457 23.0338 
0.7609 18.4923 23.0833 
1.0568 18.3865 23.1974 
1.2667 18.3102 23.2784 
1.6465 18.1847 23.4249 
1.6548 18.1816 23.4281 
2.0641 18.0311 23.5426 
2.0986 18.0306 23.5538 
2.3369 18.0316 23.6084 
2.4523 18.0083 23.6298 
2.7090 17.9620 23.6538 
2.7307 17.9560 23.6554 
2.8647 17.9096 23.6626 
3.0107 17.8605 23.6661 
3.0473 17.8481 23.6672 
3.2437 17.8149 23.6804 
3.3365 17.7925 23.6852 
3.3776 17.7874 23.6883 
3.5046 17.7742 23.6842 
3.5922 17.7669 23.6725 
3.8532 17.8533 23.6570 
3.9256 17.8784 23.6461 
3.9835 17.8999 23.6376 
4.1637 17.9520 23.6090 
4.2939 17.9909 23.5824 
4.3700 17.9977 23.5654 
4.4897 18.0440 23.5419 
4.6777 18.1179 23.4932 
4.7421 18.1384 23.4759 
4.7716 18.1483 23.4681 
4.8043 18.1600 23.4569 
5.0800 18.2435 23.3603 
5.0991 18.2448 23.3530 
5.1385 18.2478 23.3360 
5.6003 18.3576 23.1395 
5.6396 18.3671 23.1212 
5.7615 18.4002 23.0643 
6.3656 18.5897 22.7823 
6.3805 18.5944 22.7748 
6.4125 18.6057 22.7589 
6.6778 18.6833 22.6275 
7.0809 18.7838 22.4196 
7.1462 18.7955 22.3859 
7.1660 18.7990 22.3758 
7.7871 18.9969 22.0827 
7.9362 19.0403 22.0112 
7.9939 19.0568 21.9842 
8.5297 19.3003 21.7660 
8.6618 19.3518 21.7091 
8.7639 19.3919 21.6645 
9.2888 19.6589 21.4657 
9.3156 19.6706 21.4546 
9.4863 19.7539 21.3712 
9.7803 19.9240 21.2431 
10.0803 20.1404 21.0580 
10.0961 20.1513 21.0479 
10.1041 20.1576 21.0434 
10.2011 20.2309 20.9853 
10.5151 20.5541 20.6890 
10.5390 20.5967 20.6438 
10.6651 20.8319 20.4244 
10.7482 20.9715 20.2488 
10.7992 21.0689 20.1217 
10.9648 21.3356 19.6552 
11.0188 21.4429 19.4314 
11.0509 21.4529 19.3510 
11.1156 21.4805 19.0397 
11.2910 21.5851 18.5260 
11.3662 21.5911 18.4526 
11.3669 21.6023 18.3482 
11.3836 21.5531 17.8036 
11.4204 21.5096 17.2614 
11.5193 21.3786 15.8854 
11.5041 21.3348 15.5293 
11.5037 21.2351 14.9225 
11.5211 21.1651 14.4448 
11.5364 21.1069 14.0456 
11.5725 20.9462 13.0133 
11.5244 20.7340 11.9031 
11.5009 20.6558 11.4499 
11.4948 20.6229 11.2882 
11.4659 20.5773 11.1231 
11.3888 20.5061 10.7031 
11.2653 20.3673 9.9882 
11.1029 20.2507 9.5840 
11.0995 20.2488 9.5793 
10.9266 20.0745 9.2927 
10.8259 20.0592 9.1986 
10.5670 20.0186 8.9743 
10.5237 20.0113 8.9443 
10.4533 19.9903 8.8930 
10.3169 19.9486 8.7935 
10.1679 19.9029 8.6888 
9.9549 19.8079 8.5286 
9.9222 19.7910 8.5032 
9.7597 19.7080 8.3689 
9.4489 19.5959 8.1320 
9.3481 19.5523 8.0520 
9.3304 19.5419 8.0369 
9.0348 19.3667 7.7720 
9.0028 19.3549 7.7461 
8.8444 19.2962 7.6285 
8.7375 19.2312 7.5440 
8.6354 19.1689 7.4627 
8.4423 19.1219 7.2867 
8.1347 18.9791 7.0201 
7.8914 19.0110 6.8757 
7.6639 19.0412 6.7278 
7.5694 19.0401 6.6691 
7.5414 19.0533 6.6491 
7.1864 19.1452 6.3068 
7.0410 19.1846 6.1899 
6.9347 19.2432 6.0862 
6.3785 19.5214 5.4761 
6.3664 19.5370 5.4359 
5.9830 19.8208 4.9300 
5.8483 19.9046 4.8100 
5.5344 20.3596 4.4139 
5.5252 20.3694 4.4037 
5.4906 20.4076 4.3604 
5.4612 20.4814 4.3075 
5.2719 20.8275 4.0173 
5.2091 20.9245 3.9552 
5.1446 21.0021 3.8964 
5.1174 21.0314 3.8829 
4.9980 21.1578 3.8243 
4.9208 21.2270 3.7870 
4.6946 21.4151 3.7244 
4.5894 21.4991 3.6950 
4.5815 21.5049 3.6941 
4.4775 21.6080 3.6757 
4.1289 21.8141 3.6422 
4.1088 21.8260 3.6403 
3.9512 22.0465 3.6005 
3.8166 22.1474 3.5928 
3.8001 22.1598 3.5917 
3.5216 22.3762 3.5739 
3.5078 22.3857 3.5729 
3.1744 22.6133 3.5522 
3.0906 22.6529 3.5490 
3.0869 22.6552 3.5488 
3.0664 22.6684 3.5479 
2.5732 22.9403 3.5407 
2.5437 22.9560 3.5388 
2.3325 23.2221 3.4963 
2.2334 23.2899 3.4987 
2.2313 23.2914 3.4986 
1.9492 23.4998 3.4912 
1.9290 23.5111 3.4903 
1.5670 23.7102 3.4828 
1.5551 23.7209 3.4597 
1.5483 23.7150 3.4403 
1.5449 23.7165 3.4399 
1.5335 23.7228 3.4405 
1.2839 23.8339 3.4565 
1.0136 23.9430 3.4751 
1.0023 23.9479 3.4758 
0.9966 23.9504 3.4760 
0.4689 24.1538 3.4931 
0.4427 24.1653 3.4941 
0.4266 24.1723 3.4956 
-0.0836 24.3805 3.5421 
-0.1073 24.3908 3.5444 
-0.1361 24.4032 3.5490 
-0.6514 24.6070 3.6309 
-0.6642 24.6123 3.6330 
-0.6977 24.6261 3.6413 
-1.2135 24.8085 3.7661 
-1.2175 24.8101 3.7671 
-1.2704 24.8307 3.7859 
-1.7552 24.9946 3.9540 
-1.7664 24.9984 3.9592 
-1.8565 25.0298 4.0012 
-2.2668 25.1884 4.1953 
-2.3333 25.2139 4.2342 
-2.4432 25.2716 4.3020 
-2.9218 25.5063 4.5936 
-2.9741 25.5320 4.6314 
-3.0168 25.5548 4.6627 
-3.0501 25.5703 4.6866 
% end
