% Curve 1: 132519, Curve; 
% Length=81.5554; NumberOfSegments=306; FullyAttached=Yes; Closed=Yes; 
% Units: mm
% begin
3.2967 21.4802 5.8541 
3.1275 21.4768 5.8792 
2.6819 21.4269 5.9281 
2.6480 21.4219 5.9338 
1.4978 21.4150 6.2142 
1.4332 21.4161 6.2307 
1.4321 21.4161 6.2310 
1.4043 21.4185 6.2385 
1.3715 21.4201 6.2470 
0.4575 21.4019 6.4940 
0.2853 21.4059 6.5094 
0.2493 21.3969 6.5156 
0.2415 21.3948 6.5178 
0.1712 21.3814 6.5523 
-0.5761 21.1864 6.7496 
-0.6026 21.1867 6.7580 
-0.8289 21.1883 6.8384 
-0.9163 21.1669 6.8664 
-1.1640 21.1041 6.9630 
-1.4489 20.9807 7.0692 
-1.6031 20.9453 7.1297 
-1.6947 20.9236 7.1688 
-1.9096 20.9038 7.2657 
-2.0983 20.8838 7.3647 
-2.1611 20.8842 7.3595 
-2.2064 20.8749 7.3624 
-2.2214 20.8764 7.3687 
-2.2281 20.8765 7.3712 
-2.8256 20.8479 7.6461 
-2.9020 20.8340 7.6715 
-3.0302 20.8267 7.6978 
-3.3228 20.9417 7.9785 
-3.3953 20.9605 8.0316 
-3.4840 20.9976 8.0680 
-3.5109 21.0066 8.0775 
-3.9090 21.1942 8.1377 
-3.9814 21.2293 8.1472 
-4.3016 21.5267 8.2483 
-4.6648 21.7745 8.3256 
-4.7768 21.8503 8.3516 
-5.1816 22.4293 8.4509 
-5.2292 22.4534 8.4560 
-5.2373 22.4621 8.4579 
-5.2780 22.5023 8.4617 
-5.7015 22.9501 8.4897 
-5.7128 22.9627 8.4912 
-5.9185 23.1785 8.5218 
-6.1596 23.3958 8.5662 
-6.1605 23.3965 8.5663 
-6.2618 23.4892 8.5714 
-6.8015 23.8955 8.6613 
-6.8053 23.8984 8.6621 
-7.3573 24.4647 8.7209 
-7.5796 24.6523 8.7496 
-7.6713 24.7450 8.7776 
-8.6079 25.3666 9.0329 
-8.6332 25.3931 9.0369 
-9.0748 25.8764 9.1395 
-9.4587 26.1191 9.2212 
-9.4796 26.1320 9.2267 
-9.9334 26.3631 9.3134 
-10.1409 26.4459 9.3617 
-10.2128 26.5351 9.4044 
-10.2805 26.6194 9.4432 
-10.7030 27.0425 9.6554 
-10.8008 27.1614 9.7106 
-10.9049 27.2885 9.7767 
-11.1959 27.6908 9.9738 
-11.2053 27.7245 9.9856 
-11.2813 28.0197 10.1133 
-11.3458 28.1045 10.1577 
-11.4081 28.2105 10.2501 
-11.5936 28.3495 10.4102 
-11.6439 28.3913 10.4578 
-11.6889 28.4283 10.5022 
-11.8053 28.6630 10.7107 
-11.8914 28.7440 10.7818 
-11.9285 28.7857 10.8548 
-12.1542 28.8562 11.0729 
-12.1931 28.8666 11.1149 
-12.3770 29.0116 11.4146 
-12.4053 29.0365 11.4634 
-12.5564 29.1549 11.7970 
-12.6097 29.1798 11.8921 
-12.6105 29.1823 11.8963 
-12.6129 29.2141 11.9788 
-12.7129 29.2683 12.2741 
-12.7331 29.2697 12.3530 
-12.7976 29.2658 12.5486 
-12.8484 29.2733 12.7740 
-12.9009 29.2452 13.1132 
-12.9746 29.2103 13.2817 
-13.0154 29.1947 13.4940 
-13.0340 29.1430 13.7972 
-13.0576 29.1001 13.8884 
-13.0449 29.0802 13.9078 
-13.1490 28.7630 14.3364 
-13.1497 28.7416 14.3812 
-13.0957 28.3453 15.0471 
-13.0804 28.2638 15.1547 
-13.0789 28.2481 15.1774 
-13.0816 28.2386 15.2101 
-13.0755 28.2106 15.3010 
-12.9730 27.8551 15.8733 
-12.9502 27.8287 15.9489 
-12.7633 27.6269 16.3250 
-12.7577 27.6112 16.3438 
-12.7488 27.6013 16.3621 
-12.5822 27.2624 16.7419 
-12.5426 27.1947 16.7995 
-12.3754 27.0210 17.0062 
-12.3227 26.9824 17.0487 
-12.0033 26.7489 17.2888 
-11.8848 26.6561 17.3797 
-11.8487 26.6282 17.4043 
-11.7069 26.5864 17.4796 
-11.3537 26.3975 17.6938 
-11.3197 26.3786 17.7095 
-11.0438 26.2913 17.8132 
-11.0370 26.2890 17.8153 
-10.7771 26.1669 17.9119 
-10.4231 25.9915 18.0468 
-10.2700 25.8936 18.1135 
-10.0296 25.7600 18.3032 
-9.9474 25.6782 18.3818 
-9.9149 25.6410 18.4148 
-9.8894 25.6146 18.4327 
-9.4776 25.1309 18.7273 
-9.4054 25.0175 18.7814 
-9.2056 24.7036 18.9318 
-9.0317 24.4197 19.0635 
-9.0092 24.3756 19.0924 
-8.7232 23.7013 19.3158 
-8.5911 23.4272 19.4013 
-8.4992 23.2465 19.4511 
-8.1661 22.6232 19.6346 
-8.0520 22.4656 19.7023 
-7.6399 21.9365 19.8960 
-7.5769 21.8297 19.9407 
-7.5575 21.8078 19.9507 
-7.2009 21.4398 20.0627 
-6.9775 21.2020 20.1406 
-6.9452 21.1784 20.1521 
-6.9412 21.1755 20.1533 
-6.5105 20.8125 20.2713 
-6.4879 20.7939 20.2761 
-6.4509 20.7707 20.2845 
-5.9724 20.4650 20.3930 
-5.9491 20.4480 20.3981 
-5.4053 20.0550 20.5034 
-4.9969 19.7842 20.5833 
-4.8492 19.6955 20.6125 
-4.5298 19.5044 20.6686 
-3.4997 18.8923 20.8497 
-3.2298 18.7297 20.8971 
-3.1397 18.6761 20.9078 
-2.6726 18.4321 20.9659 
-2.2960 18.2563 21.0147 
-2.2466 18.2376 21.0215 
-2.1137 18.1884 21.0334 
-1.5250 17.9554 21.0834 
-1.4274 17.9186 21.0837 
-0.8186 17.7560 21.0989 
-0.7325 17.7373 21.1019 
-0.6383 17.7181 21.0996 
-0.0591 17.6283 21.0904 
0.3823 17.5686 21.0850 
0.5202 17.5494 21.0832 
0.6814 17.5279 21.0745 
1.9549 17.3472 21.0067 
2.3757 17.2751 20.9805 
2.4352 17.2663 20.9772 
2.4885 17.2583 20.9737 
3.5501 17.0672 20.9019 
3.5695 17.0659 20.9007 
3.6382 17.0611 20.8969 
3.7913 17.0246 20.8855 
4.4124 16.8647 20.8382 
4.4360 16.8609 20.8367 
4.9496 16.7753 20.8089 
5.4245 16.6865 20.7820 
5.4754 16.6846 20.7801 
5.7065 16.6757 20.7758 
6.4333 16.5713 20.7436 
6.9520 16.4714 20.7146 
7.0880 16.4408 20.7060 
7.1776 16.4209 20.6996 
7.8645 16.3411 20.6819 
7.8861 16.3362 20.6803 
8.1302 16.2820 20.6584 
8.5412 16.1806 20.6167 
8.6045 16.1742 20.6146 
8.6683 16.1692 20.6092 
9.4629 16.0369 20.5044 
9.5154 16.0349 20.5010 
9.6492 16.0341 20.4851 
10.2137 16.0410 20.4246 
10.2885 16.0511 20.4221 
10.5204 16.1184 20.3576 
10.5413 16.1268 20.3532 
10.6195 16.1518 20.3447 
10.9273 16.3653 20.2656 
10.9975 16.4238 20.2320 
11.1918 16.7091 20.1618 
11.1946 16.7125 20.1607 
11.4148 17.0440 19.9829 
11.4618 17.1894 19.9620 
11.4927 17.2835 19.9356 
11.5888 17.6433 19.7820 
11.5954 17.7044 19.7702 
11.5971 17.7757 19.7353 
11.6323 17.9055 19.6428 
11.7438 18.3607 19.3925 
11.7518 18.5131 19.3160 
11.7643 18.8781 19.1151 
11.7582 19.2769 18.9048 
11.7588 19.3091 18.8874 
11.7518 20.2850 18.2813 
11.7519 20.3066 18.2679 
11.7548 20.3175 18.2596 
11.7544 20.3353 18.2487 
11.7556 20.3472 18.2407 
11.8212 21.1954 17.6155 
11.8250 21.2425 17.5806 
11.8275 21.2838 17.5472 
11.8177 21.5331 17.3550 
11.8472 21.9598 17.0083 
11.8579 22.0197 16.9571 
11.8697 22.0864 16.8971 
11.8766 22.4109 16.6182 
11.9041 22.7890 16.2882 
11.9055 22.8121 16.2660 
11.9072 23.0623 16.0281 
11.9236 23.4152 15.6888 
11.9234 23.4388 15.6664 
11.9163 23.6065 15.4629 
11.9548 23.7828 15.2294 
11.9782 23.8957 15.0698 
11.8538 24.4399 14.3057 
11.8005 24.4947 14.2315 
11.5371 24.9158 13.7721 
11.5287 24.9283 13.7581 
11.4531 25.0368 13.6500 
11.3658 25.1713 13.4914 
11.3383 25.2099 13.4551 
11.2814 25.2848 13.3819 
11.2006 25.4124 13.1852 
11.1822 25.4482 13.1340 
11.1131 25.6008 12.8062 
11.1056 25.6358 12.6321 
11.1108 25.6372 12.5618 
11.0157 25.5901 12.2423 
10.9358 25.4863 11.8634 
10.9312 25.4827 11.8458 
10.9082 25.4709 11.6379 
10.8499 25.3036 10.8978 
10.8383 25.3049 10.8515 
10.7336 25.3082 10.4837 
10.6444 25.1912 9.9540 
10.6140 25.1655 9.7989 
10.6336 25.0818 9.7177 
10.6068 24.8187 9.4331 
10.5982 24.6205 9.1743 
10.5947 24.6100 9.1560 
10.5569 24.4865 8.9309 
10.5855 24.2144 8.5502 
10.6000 24.1612 8.4466 
10.4596 23.9544 8.0785 
10.4465 23.9296 8.0602 
10.3829 23.7700 7.7973 
10.3584 23.7380 7.7350 
10.2734 23.6277 7.4982 
10.2295 23.5038 7.2684 
10.2150 23.4625 7.1951 
10.0597 23.2084 6.8180 
9.9981 23.1612 6.7658 
9.6871 22.9578 6.4627 
9.6724 22.9537 6.4454 
9.4715 22.8092 6.2832 
9.4052 22.7661 6.2259 
9.1149 22.6521 6.1945 
8.9670 22.5669 6.1577 
8.9383 22.5568 6.1532 
8.8179 22.5231 6.1205 
8.4054 22.3413 6.0028 
8.3425 22.3113 5.9875 
7.7787 22.1316 5.9240 
7.7233 22.1137 5.9176 
7.6250 22.0763 5.9121 
7.1010 21.8332 5.8525 
7.0852 21.8238 5.8533 
6.8493 21.6992 5.8189 
6.8125 21.6874 5.8182 
6.8041 21.6849 5.8182 
6.7518 21.6717 5.8125 
6.1807 21.5111 5.7414 
5.9983 21.4848 5.7322 
5.9055 21.4696 5.7304 
5.3579 21.4686 5.7704 
5.3114 21.4679 5.7734 
5.2938 21.4679 5.7738 
4.5140 21.5091 5.8091 
4.4685 21.5049 5.8082 
4.3339 21.4923 5.8066 
3.8833 21.4875 5.8138 
3.5610 21.4794 5.8347 
3.2967 21.4802 5.8541 
% end
