% Curve 1: 146850, Curve; 
% Length=79.2084; NumberOfSegments=287; FullyAttached=Yes; Closed=Yes; 
% Units: mm
% begin
7.7224 17.6777 9.8724 
7.7079 17.6844 9.8567 
7.6509 17.7089 9.8073 
6.8671 18.0058 9.3693 
6.8604 18.0083 9.3660 
6.2294 18.2517 9.0520 
6.2001 18.2608 9.0500 
6.0527 18.3014 8.9803 
6.0163 18.3231 8.9625 
5.9993 18.3333 8.9541 
5.7764 18.4256 8.8386 
5.1524 18.6484 8.5405 
5.1380 18.6533 8.5342 
4.8442 18.8051 8.4125 
4.3528 19.0453 8.2074 
4.3301 19.0579 8.1980 
3.8312 19.3343 7.9917 
3.6335 19.4414 7.9097 
3.5648 19.4936 7.8823 
3.5228 19.5254 7.8658 
2.8594 19.9773 7.6024 
2.8095 20.0111 7.5831 
2.5768 20.2303 7.4943 
2.3392 20.4409 7.4033 
2.0407 20.7067 7.2840 
1.8257 20.9255 7.1971 
1.7849 20.9782 7.1801 
1.4535 21.4034 7.0522 
1.2745 21.5954 7.0002 
1.2237 21.6493 6.9978 
0.6579 22.5440 6.7250 
0.5845 22.7070 6.6671 
0.5719 22.7341 6.6604 
0.4941 22.9441 6.6123 
0.0865 24.0022 6.3572 
0.0700 24.0465 6.3565 
0.0455 24.1157 6.3488 
-0.0010 24.2192 6.3345 
-0.4263 24.9798 6.2052 
-0.5086 25.1154 6.1982 
-0.7062 25.3870 6.1739 
-0.8828 25.5848 6.1460 
-0.9990 25.7033 6.1526 
-1.3972 26.1314 6.1804 
-1.5107 26.2431 6.2132 
-1.8504 26.5057 6.2864 
-2.0250 26.6291 6.3201 
-2.3381 26.8267 6.4436 
-2.4381 26.8899 6.4830 
-2.4861 26.9176 6.5090 
-3.1376 27.1692 6.8029 
-3.1713 27.1904 6.8219 
-3.3467 27.2975 6.9432 
-3.5416 27.3752 7.0603 
-3.8557 27.4941 7.2857 
-3.9861 27.5451 7.3799 
-4.0285 27.5713 7.4146 
-4.1000 27.6153 7.4797 
-4.6860 27.8091 7.9593 
-4.7580 27.8453 8.0223 
-4.9992 27.9700 8.2647 
-5.4186 28.1236 8.6741 
-5.4380 28.1313 8.6983 
-5.8413 28.3405 9.1939 
-5.8645 28.3507 9.2347 
-5.9201 28.3730 9.3203 
-5.9694 28.4026 9.3967 
-6.2906 28.5747 9.8928 
-6.3206 28.5929 9.9490 
-6.6001 28.9134 10.5231 
-6.6313 28.9362 10.5829 
-6.6464 28.9479 10.6162 
-6.6804 28.9916 10.6987 
-6.8005 29.0803 10.9613 
-6.9487 29.2113 11.3827 
-7.0950 29.2869 11.7715 
-7.1005 29.2916 11.7871 
-7.2556 29.4332 12.2612 
-7.3400 29.4850 12.5038 
-7.3548 29.4870 12.5419 
-7.5285 29.5055 13.1066 
-7.6474 29.4922 13.4598 
-7.6736 29.4864 13.5341 
-7.6863 29.4842 13.5678 
-7.7326 29.4996 13.7288 
-7.9060 29.5083 14.2518 
-7.9141 29.5076 14.2743 
-7.9946 29.4619 14.7100 
-7.9936 29.4231 14.7828 
-7.9950 29.4204 14.7902 
-8.0871 29.2248 15.4208 
-8.1047 29.1962 15.4829 
-8.2390 28.7093 16.2981 
-8.2346 28.6327 16.3501 
-8.2513 28.6039 16.3996 
-8.4918 27.8973 17.1829 
-8.6234 27.5161 17.5852 
-8.6781 27.2461 17.8200 
-8.8072 26.7744 18.1846 
-8.9198 26.3517 18.5153 
-8.9327 26.3043 18.5521 
-8.9873 25.6967 18.9046 
-9.0066 25.5463 18.9839 
-9.0341 25.1711 19.2103 
-9.0321 25.1545 19.2176 
-8.9961 24.7333 19.3987 
-8.8986 24.1399 19.7101 
-8.8869 24.1121 19.7179 
-8.8498 23.8789 19.8215 
-8.7838 23.6587 19.9003 
-8.7009 23.4041 20.0021 
-8.3539 22.3986 20.4362 
-8.3341 22.3424 20.4611 
-7.8876 21.4837 20.7663 
-7.6644 21.0323 20.9089 
-7.6405 20.9956 20.9180 
-7.3684 20.5885 21.0286 
-6.7943 19.7203 21.2559 
-6.7469 19.6468 21.2733 
-6.5084 19.3331 21.3305 
-5.8211 18.4720 21.5269 
-5.7531 18.3845 21.5447 
-5.6945 18.3144 21.5567 
-4.8987 17.5171 21.8295 
-4.8802 17.4972 21.8349 
-4.8595 17.4816 21.8456 
-4.8322 17.4629 21.8612 
-4.7550 17.4283 21.8837 
-4.3173 17.1309 22.0898 
-4.2549 17.0816 22.1255 
-4.0231 16.9006 22.2595 
-3.9639 16.8677 22.3048 
-3.5642 16.6405 22.6186 
-3.5477 16.6304 22.6311 
-3.5315 16.6259 22.6472 
-2.9364 16.3825 23.1742 
-2.9108 16.3827 23.2028 
-2.7234 16.3861 23.4062 
-2.6499 16.3638 23.4711 
-2.5496 16.3499 23.5314 
-2.2646 16.2113 23.7271 
-2.2210 16.1902 23.7540 
-1.7849 15.9732 24.0353 
-1.6772 15.9182 24.1041 
-1.6732 15.9160 24.1067 
-1.5943 15.8739 24.1571 
-1.1140 15.5644 24.4491 
-1.1061 15.5591 24.4543 
-0.4837 15.1973 24.8750 
-0.4117 15.1522 24.9232 
-0.4002 15.1461 24.9311 
-0.3829 15.1309 24.9607 
0.4925 14.7696 25.5938 
0.5583 14.7585 25.6282 
0.6279 14.7450 25.6774 
1.5958 14.5745 26.3787 
1.6685 14.5767 26.4171 
1.7280 14.5766 26.4707 
2.5083 14.6266 27.0554 
2.5159 14.6274 27.0613 
2.7426 14.6512 27.2013 
3.1502 14.6746 27.4790 
3.1597 14.6754 27.4847 
3.2793 14.6831 27.5559 
3.7976 14.6347 27.8433 
3.8368 14.6319 27.8594 
4.3631 14.6472 28.0838 
4.6168 14.6692 28.1942 
4.8919 14.6971 28.2760 
5.2583 14.7487 28.3871 
5.5252 14.8181 28.4730 
5.6392 14.8498 28.4855 
5.9044 14.9063 28.5135 
5.9682 14.9111 28.5196 
6.2271 14.9329 28.4589 
6.3013 14.9398 28.4174 
6.6279 15.0689 28.2392 
6.6374 15.0739 28.2341 
6.6563 15.0788 28.2236 
6.6961 15.0908 28.1935 
6.8839 15.1401 28.0491 
6.8863 15.1409 28.0469 
6.9411 15.1626 27.9959 
7.1612 15.2034 27.7826 
7.1638 15.2044 27.7801 
7.3151 15.2685 27.6133 
7.4917 15.3037 27.4155 
7.4947 15.3043 27.4120 
7.8022 15.4506 27.0600 
7.8257 15.4626 27.0308 
7.8426 15.4708 27.0098 
8.1812 15.5658 26.5744 
8.2728 15.6321 26.4650 
8.4353 15.7600 26.2464 
8.5173 15.8060 26.1353 
8.5812 15.8246 26.0479 
8.7613 15.8789 25.7888 
8.9318 15.9986 25.5421 
8.9929 16.0411 25.4549 
9.0037 16.0463 25.4393 
9.0640 16.0751 25.3545 
9.2963 16.1365 25.0222 
9.3319 16.1450 24.9784 
9.6562 16.4486 24.5368 
9.6874 16.4638 24.5143 
9.7035 16.4811 24.4930 
9.7073 16.4894 24.4730 
9.7132 16.5023 24.4419 
10.0032 16.7452 24.0401 
10.0456 16.7970 23.9720 
10.0883 16.8488 23.9040 
10.2304 17.0517 23.6675 
10.3417 17.1615 23.4988 
10.3469 17.1667 23.4909 
10.5103 17.3276 23.2544 
10.6288 17.4039 23.0919 
10.6496 17.4202 23.0627 
10.6630 17.4326 23.0390 
10.7172 17.5135 22.9175 
10.8983 17.6279 22.6310 
10.9043 17.6307 22.6215 
11.1590 17.7517 22.2605 
11.1755 17.7581 22.2045 
11.1813 17.7587 22.1964 
11.1828 17.7598 22.1940 
11.1858 17.7629 22.1885 
11.4633 17.8977 21.7542 
11.4704 17.9010 21.7411 
11.6810 18.1397 21.2538 
11.7015 18.1480 21.2171 
11.7067 18.1683 21.1948 
11.7080 18.1703 21.1915 
11.9328 18.5271 20.5938 
11.9346 18.5329 20.5871 
11.9376 18.5592 20.5487 
12.0050 18.6351 20.3512 
12.0787 18.7063 20.1640 
12.0845 18.7121 20.1507 
12.1309 18.7461 20.0727 
12.2565 18.8034 19.8514 
12.2573 18.8038 19.8500 
12.3022 18.8261 19.7490 
12.4115 18.8578 19.5326 
12.4361 18.8632 19.4765 
12.5666 19.0168 18.9533 
12.5830 19.0347 18.9325 
12.6839 19.0964 18.5236 
12.6957 19.1053 18.3771 
12.7176 19.0997 18.2213 
12.7929 19.0362 17.9138 
12.8087 19.0012 17.7899 
12.8103 18.9616 17.4528 
12.8182 18.9430 17.3814 
12.8199 18.8374 17.0860 
12.8219 18.7914 16.9614 
12.8115 18.7383 16.8490 
12.7869 18.4786 16.3609 
12.7839 18.4702 16.3399 
12.7237 18.3370 16.0350 
12.6534 18.2258 15.7381 
12.5467 18.0832 15.4207 
12.5230 18.0638 15.3617 
12.5034 18.0570 15.3212 
12.4843 18.0497 15.3009 
12.2323 17.9031 14.7510 
12.2172 17.8949 14.7230 
11.8469 17.7472 14.0349 
11.7988 17.7403 13.9618 
11.7944 17.7397 13.9547 
11.7520 17.7296 13.8859 
11.3256 17.5776 13.1955 
11.2637 17.5617 13.0952 
10.9075 17.4834 12.6110 
10.8544 17.4674 12.5528 
10.8258 17.4589 12.5218 
10.7588 17.4488 12.4461 
10.2376 17.3615 11.8597 
10.1920 17.3595 11.8067 
9.6850 17.3495 11.3045 
9.6110 17.3401 11.2591 
9.5696 17.3469 11.1904 
9.1048 17.3720 10.7914 
8.9324 17.3872 10.6812 
8.7402 17.3690 10.5713 
8.5648 17.4211 10.4456 
7.7514 17.6707 9.9012 
7.7408 17.6733 9.8907 
7.7224 17.6777 9.8724 
% end
