% Curve 1: 462844, Curve; 
% Length=55.3658; NumberOfSegments=182; FullyAttached=Yes; Closed=Yes; 
% Units: mm
% begin
10.0540 19.2784 22.9711 
9.9891 19.1848 23.0243 
9.3413 18.3793 23.4245 
9.2404 18.2599 23.4875 
8.8763 17.8527 23.6807 
8.8452 17.8169 23.6970 
8.7952 17.7609 23.7208 
8.3822 17.2637 23.9085 
8.2838 17.1383 23.9516 
7.8402 16.5741 24.1446 
7.7943 16.5079 24.1612 
7.7689 16.4862 24.1735 
7.5170 16.2346 24.2878 
7.4273 16.1468 24.3257 
7.0025 15.9054 24.5344 
6.9727 15.8875 24.5489 
6.9328 15.8719 24.5697 
6.8825 15.8566 24.5785 
6.4712 15.6940 24.7424 
6.4347 15.6838 24.7692 
6.2251 15.6417 24.8433 
6.0184 15.6026 24.9168 
5.8477 15.5717 24.9709 
5.1448 15.5660 25.2105 
4.7979 15.5483 25.3189 
4.5437 15.5580 25.4149 
4.4312 15.5637 25.4406 
4.1753 15.5960 25.5010 
4.0406 15.6144 25.5174 
3.1816 15.7119 25.6190 
3.0226 15.7580 25.6416 
2.8249 15.8166 25.6609 
2.3901 15.9041 25.6880 
1.2446 16.0751 25.7665 
1.2162 16.0796 25.7675 
0.4271 16.3597 25.8287 
0.3570 16.3739 25.8319 
0.3216 16.3799 25.8333 
0.2927 16.3851 25.8316 
-0.2504 16.5470 25.8017 
-0.2606 16.5500 25.7995 
-0.7828 16.6356 25.6915 
-0.7850 16.6359 25.6910 
-0.8358 16.6438 25.6768 
-0.8930 16.6514 25.6722 
-1.5297 16.9055 25.4641 
-1.5856 16.9277 25.4440 
-1.6992 16.9624 25.4060 
-1.8653 17.1192 25.3217 
-2.1980 17.4494 25.1484 
-2.3883 17.6332 25.0089 
-2.5978 17.9730 24.7891 
-2.6354 18.0330 24.7417 
-2.7795 18.2592 24.5762 
-2.9308 18.6058 24.3052 
-2.9363 18.6270 24.2905 
-3.0254 18.9734 24.0285 
-3.0503 19.0882 23.9427 
-3.0664 19.1629 23.8851 
-3.0592 19.3896 23.7226 
-3.0560 19.6220 23.5550 
-3.0558 19.6308 23.5486 
-3.0427 19.7990 23.4284 
-3.0350 20.0371 23.2556 
-3.0349 20.0397 23.2534 
-2.9582 20.3282 23.0304 
-2.9415 20.4267 22.9522 
-2.9390 20.4386 22.9403 
-2.9444 20.5356 22.8401 
-2.9528 20.8172 22.5503 
-2.9768 20.9000 22.4618 
-3.0858 21.2500 21.9907 
-3.0908 21.2677 21.9670 
-3.0940 21.2762 21.9554 
-3.1010 21.2921 21.9336 
-3.1231 21.3398 21.8676 
-3.1903 21.4538 21.5733 
-3.2797 21.5342 20.9724 
-3.2842 21.5412 20.9251 
-3.2939 21.5485 20.8680 
-3.4399 21.5965 19.9057 
-3.4572 21.6079 19.7223 
-3.4787 21.6117 19.6205 
-3.5006 21.6111 19.5122 
-3.6390 21.6295 18.5420 
-3.7096 21.6170 18.2478 
-3.7355 21.6127 18.1402 
-3.7881 21.6447 17.2656 
-3.7825 21.6298 17.2376 
-3.7289 21.7016 16.6105 
-3.7214 21.7086 16.5336 
-3.6882 21.7418 16.1811 
-3.6161 21.8092 15.6954 
-3.6164 21.8092 15.6783 
-3.5990 21.7825 15.3224 
-3.5276 21.8199 15.0223 
-3.4844 21.8225 14.9049 
-3.4209 21.7663 14.6051 
-3.4125 21.7661 14.5808 
-3.2057 21.7243 14.1917 
-3.1967 21.7212 14.1733 
-3.1819 21.7084 14.1344 
-2.9756 21.5377 13.7648 
-2.9658 21.5335 13.7502 
-2.7693 21.4448 13.5282 
-2.6290 21.3353 13.3500 
-2.6048 21.3312 13.3256 
-2.4321 21.3051 13.1189 
-2.3193 21.2505 12.9630 
-2.2809 21.2303 12.9252 
-2.0882 21.2212 12.7779 
-1.8695 21.1632 12.5888 
-1.8063 21.1798 12.5496 
-1.6537 21.2281 12.4339 
-1.4637 21.2561 12.2745 
-1.4214 21.2728 12.2440 
-1.1066 21.3477 12.1028 
-1.0076 21.3473 12.0756 
-0.9781 21.3477 12.0470 
-0.9078 21.3723 12.0019 
-0.5295 21.4409 11.8164 
-0.4606 21.4511 11.7913 
-0.0977 21.5927 11.6852 
0.0587 21.6559 11.6401 
0.3740 21.7641 11.5906 
0.7088 21.9427 11.5921 
0.7339 21.9539 11.5948 
1.1671 22.0037 11.5469 
1.3682 22.0358 11.5307 
2.0616 22.1031 11.5447 
2.5065 22.1305 11.5425 
2.5210 22.1309 11.5430 
2.9836 22.1912 11.5973 
4.0568 22.2713 11.6757 
4.7405 22.2670 11.6819 
4.8122 22.2643 11.6855 
5.9658 22.3429 11.8327 
6.5936 22.4170 11.9360 
6.6009 22.4176 11.9375 
7.4009 22.4409 12.0731 
7.9219 22.4522 12.1588 
7.9638 22.4535 12.1660 
8.7769 22.4391 12.3648 
8.8259 22.4326 12.3854 
8.8367 22.4304 12.3895 
8.8418 22.4302 12.3919 
8.8865 22.4304 12.4287 
8.9293 22.4262 12.4708 
9.7484 22.4731 12.8728 
9.9475 22.5628 13.0013 
10.0462 22.6058 13.0852 
10.2004 22.6643 13.2125 
10.2636 22.6808 13.3178 
10.3908 22.6954 13.5152 
10.4438 22.6970 13.6236 
10.6327 22.8913 14.2480 
10.7466 22.9519 14.5532 
10.7503 22.9536 14.5652 
10.8179 23.0447 14.9091 
10.9581 23.2067 15.5681 
11.1298 23.3719 16.1949 
11.3757 23.5069 16.9681 
11.4111 23.5363 17.1013 
11.4456 23.5951 17.5054 
11.5228 23.5497 17.8224 
11.5278 23.5468 17.8429 
11.6873 23.4336 18.3911 
11.7033 23.4185 18.4264 
11.7318 23.3795 18.5062 
11.9820 23.0147 19.0688 
11.9845 23.0012 19.0870 
12.0203 22.7298 19.5816 
12.0385 22.6204 19.7458 
12.0194 22.4977 19.9026 
11.9132 22.0356 20.5934 
11.8212 21.8664 20.7998 
11.7975 21.8025 20.8613 
11.7310 21.6729 21.0134 
11.4879 21.2195 21.5612 
10.9273 20.4532 22.2563 
10.7722 20.2737 22.3826 
10.0572 19.2927 22.9566 
10.0540 19.2784 22.9711 
% end
