% Curve 1: 466654, Curve; 
% Length=107.882; NumberOfSegments=349; FullyAttached=Yes; Closed=Yes; 
% Units: mm
% begin
13.9371 17.7963 27.3896 
14.0432 17.9040 27.2269 
14.0855 17.9357 27.1760 
14.2241 18.0659 27.1063 
14.3890 18.2869 26.9103 
14.4155 18.3286 26.8719 
14.6874 18.9880 26.5087 
14.7166 19.0198 26.4986 
14.8527 19.2651 26.3270 
14.9144 19.4716 26.1968 
14.9496 19.5871 26.1245 
15.2275 20.4055 25.5649 
15.2754 20.5786 25.4649 
15.2928 20.6560 25.4181 
15.4832 21.4208 24.9160 
15.5620 21.7529 24.7062 
15.5687 21.7923 24.6869 
15.6118 22.1239 24.5186 
15.6938 22.6349 24.2189 
15.7010 22.6793 24.1927 
15.7645 23.0123 23.9995 
15.8231 23.1808 23.8149 
15.8201 23.2433 23.7420 
15.9235 23.5765 23.2681 
15.9424 23.6171 23.1621 
15.9806 23.7410 22.8371 
16.0447 23.9515 22.2580 
16.1727 24.2957 21.2386 
16.2027 24.3530 21.0047 
16.2458 24.4441 20.6284 
16.3170 24.6414 19.9444 
16.3544 24.7077 19.6346 
16.3800 24.7934 19.1919 
16.3927 24.9480 18.6429 
16.4149 25.0026 18.3170 
16.4294 25.1114 17.5527 
16.4337 25.1444 17.3206 
16.4411 25.1488 17.2155 
16.4474 25.1531 17.0258 
16.4540 25.2546 15.8462 
16.4609 25.2453 15.7793 
16.3970 25.1679 15.4664 
16.3530 25.0442 15.1417 
16.3468 25.0147 15.0032 
16.3686 24.9198 14.8081 
16.4240 24.7267 14.4773 
16.3586 24.4800 14.1458 
16.2948 24.2228 13.8139 
16.2243 24.0455 13.5008 
16.0763 23.8743 13.2382 
16.0450 23.8342 13.1831 
16.0131 23.8068 13.1251 
15.9803 23.7915 13.0957 
15.6930 23.5872 12.8505 
15.4940 23.4751 12.7573 
14.9190 23.3290 12.4806 
14.8782 23.3094 12.4614 
14.8321 23.2861 12.4278 
13.5410 22.7658 12.0851 
13.5071 22.7522 12.0773 
13.4973 22.7505 12.0762 
13.4844 22.7483 12.0748 
12.6999 22.5834 11.9120 
12.6149 22.5651 11.8933 
12.4469 22.5724 11.8235 
11.8858 22.5557 11.6761 
11.7457 22.5742 11.6504 
11.5129 22.6033 11.5962 
11.0200 22.7147 11.4768 
10.9116 22.7246 11.4519 
10.7483 22.7395 11.4163 
9.7787 23.0805 11.2587 
9.7163 23.0997 11.2303 
9.6904 23.1038 11.2294 
9.6509 23.1246 11.2122 
9.0260 23.4990 11.2420 
8.8399 23.5874 11.2083 
8.8374 23.5884 11.2082 
7.9613 23.9199 11.1762 
7.4435 24.0660 11.1730 
7.4131 24.0741 11.1717 
6.4310 24.3709 11.0923 
6.3451 24.3972 11.0857 
6.2523 24.4262 11.0779 
5.4796 24.6769 11.0194 
5.4794 24.6771 11.0167 
5.4757 24.6785 11.0164 
4.3981 24.9849 10.9191 
4.3403 25.0092 10.9150 
4.1867 25.0757 10.8984 
3.3028 25.3646 10.7739 
3.2673 25.3806 10.7703 
2.5413 25.7167 10.6767 
2.0522 25.9282 10.5952 
1.6190 26.1101 10.5308 
1.3772 26.2443 10.5117 
1.2773 26.3133 10.4826 
1.1128 26.4636 10.4658 
-0.2115 27.5695 10.4254 
-0.2313 27.5862 10.4244 
-0.2443 27.6000 10.4252 
-0.2632 27.6203 10.4263 
-1.3021 28.6978 10.5183 
-1.3638 28.7692 10.5276 
-1.3751 28.7822 10.5295 
-1.9972 29.3912 10.5995 
-2.1164 29.5101 10.6025 
-2.1184 29.5119 10.6029 
-2.1690 29.5600 10.6259 
-2.8509 30.2335 10.7606 
-2.9024 30.2852 10.7722 
-3.0688 30.4340 10.8250 
-3.3755 30.6860 10.9057 
-3.4201 30.7175 10.9223 
-3.7035 30.8241 10.9540 
-4.1388 30.9654 10.9850 
-4.2796 30.9986 11.0109 
-6.1589 31.3145 11.2347 
-6.5268 31.3622 11.2650 
-6.5837 31.3726 11.2726 
-6.6191 31.3780 11.2783 
-7.5777 31.4890 11.3985 
-7.6565 31.5060 11.4168 
-7.7291 31.5152 11.4404 
-8.2124 31.5293 11.5542 
-8.2264 31.5328 11.5602 
-8.5326 31.5823 11.7301 
-8.6606 31.5704 11.7777 
-8.6989 31.5734 11.7967 
-8.8675 31.5814 11.8926 
-9.1114 31.5569 12.0052 
-9.1753 31.5636 12.0442 
-9.2708 31.5645 12.1164 
-9.5821 31.5158 12.3066 
-9.6675 31.5003 12.3624 
-10.0571 31.5759 12.6941 
-10.4399 31.5439 12.9640 
-10.5185 31.5491 13.0256 
-10.8192 31.5745 13.2288 
-10.8939 31.5702 13.2753 
-11.1451 31.5132 13.4159 
-11.2810 31.4883 13.4781 
-11.5916 31.5324 13.6536 
-11.6814 31.5316 13.6999 
-11.8122 31.5323 13.7575 
-12.0973 31.6308 13.9136 
-12.2955 31.6027 14.0064 
-12.3449 31.5945 14.0237 
-12.7624 31.5502 14.1408 
-12.8126 31.5503 14.1596 
-13.1633 31.5493 14.2934 
-13.3958 31.5081 14.3542 
-13.4089 31.5065 14.3581 
-13.7741 31.4468 14.4896 
-13.9551 31.4017 14.5436 
-13.9791 31.3953 14.5512 
-14.4630 31.2296 14.6736 
-14.4847 31.2208 14.6808 
-14.8245 31.1318 14.8270 
-14.9706 31.0788 14.8796 
-15.0414 31.0567 14.8997 
-15.5068 31.0402 15.1109 
-15.5884 31.0357 15.1376 
-15.6135 31.0373 15.1476 
-15.6354 31.0520 15.1646 
-16.0947 31.2856 15.4612 
-16.1222 31.3435 15.5198 
-16.2615 31.6254 15.6641 
-16.3574 31.7058 15.7259 
-16.4601 31.7883 15.7629 
-16.7601 32.0742 15.8741 
-16.8366 32.1407 15.8751 
-17.3341 32.2932 16.0055 
-17.5656 32.3763 16.0777 
-17.7692 32.3885 16.1365 
-18.0213 32.4110 16.2429 
-18.0302 32.4121 16.2466 
-18.3070 32.4528 16.3917 
-18.3919 32.4565 16.4385 
-18.6292 32.4869 16.6515 
-19.1060 32.3260 17.0635 
-19.1369 32.3139 17.0991 
-19.2823 32.2773 17.2852 
-19.4922 32.1438 17.5045 
-19.6470 32.0154 17.7255 
-19.8996 31.8565 18.1062 
-19.9031 31.8534 18.1135 
-20.1633 31.6371 18.6930 
-20.3036 31.5306 18.9920 
-20.3140 31.5260 19.0170 
-20.3388 31.4928 19.1625 
-20.3907 31.4410 19.4953 
-20.3228 31.3720 19.8144 
-20.1303 31.2539 20.1559 
-20.0339 31.2285 20.3301 
-19.9303 31.2135 20.5185 
-19.8744 31.2109 20.5543 
-19.3028 31.0477 21.2573 
-19.1802 31.0041 21.4026 
-18.8728 30.9032 21.6385 
-18.7361 30.8086 21.7389 
-18.7295 30.8041 21.7427 
-18.3106 30.5189 21.9803 
-18.2763 30.4802 22.0034 
-18.1442 30.3359 22.0517 
-18.1322 30.3242 22.0559 
-17.9160 30.1202 22.0685 
-17.7462 29.8729 22.0498 
-17.7002 29.8396 22.0559 
-17.6928 29.8340 22.0571 
-17.1523 29.4769 22.1967 
-17.1213 29.4531 22.2018 
-17.1023 29.4371 22.2060 
-16.8700 29.2066 22.1993 
-16.8473 29.1582 22.1969 
-16.8328 29.1381 22.1929 
-16.5937 28.8046 22.1235 
-16.5729 28.7708 22.1186 
-16.4416 28.6500 22.1562 
-16.2693 28.4480 22.1729 
-16.2047 28.3735 22.1782 
-15.9653 28.1854 22.2423 
-15.9308 28.1534 22.2577 
-15.9245 28.1394 22.2691 
-15.8083 27.9077 22.2378 
-15.7411 27.7710 22.2203 
-15.6898 27.6773 22.2159 
-15.5347 27.3632 22.2100 
-15.3028 26.8946 22.2021 
-15.2895 26.8738 22.2066 
-15.0430 26.4488 22.3079 
-15.0052 26.3708 22.3101 
-14.9004 26.1355 22.3193 
-14.7978 25.8690 22.2946 
-14.7789 25.8261 22.2894 
-14.5977 25.5197 22.3577 
-14.5278 25.3842 22.3646 
-14.3532 25.0777 22.3764 
-14.0232 24.5146 22.4283 
-13.8918 24.3071 22.4456 
-13.4102 23.5870 22.5777 
-13.1917 23.2516 22.6228 
-13.0877 23.1104 22.6391 
-12.3645 22.2280 22.9214 
-12.2572 22.0932 22.9567 
-12.1978 22.0249 22.9868 
-12.1939 22.0205 22.9890 
-11.9758 21.7819 23.1111 
-11.6397 21.4200 23.2671 
-11.6010 21.3857 23.2804 
-11.4428 21.2684 23.3632 
-11.3765 21.2160 23.3938 
-11.1095 21.0217 23.5055 
-10.9152 20.8829 23.5901 
-10.7908 20.7980 23.6415 
-10.1125 20.4146 24.0050 
-9.9348 20.2966 24.0816 
-9.9067 20.2770 24.0946 
-9.5728 20.0429 24.2665 
-8.7490 19.4365 24.5943 
-8.6968 19.4013 24.6195 
-8.2536 19.0722 24.8564 
-7.7855 18.6889 25.0539 
-7.7013 18.6144 25.0925 
-7.1678 18.0950 25.2692 
-7.1638 18.0911 25.2707 
-7.1517 18.0777 25.2724 
-7.1216 18.0443 25.2766 
-7.0599 17.9344 25.3031 
-6.6645 17.4301 25.3864 
-6.6418 17.3942 25.3941 
-6.6365 17.3516 25.4088 
-6.5846 17.2824 25.4464 
-6.2657 16.9022 25.6090 
-6.2327 16.8578 25.6292 
-6.1321 16.7690 25.7237 
-5.7414 16.4242 26.0903 
-5.7109 16.4031 26.1230 
-5.5427 16.3078 26.2700 
-5.2657 16.1562 26.5154 
-5.1768 16.1216 26.6035 
-5.1035 16.0993 26.6643 
-4.4804 15.9407 27.2020 
-4.3067 15.9147 27.3641 
-3.9420 15.8851 27.6453 
-3.3186 15.8341 28.1257 
-2.6820 15.7542 28.5995 
-2.5886 15.7481 28.6558 
-1.9616 15.7837 29.0780 
-1.8829 15.7828 29.1279 
-1.3218 15.7798 29.4856 
-1.1797 15.7834 29.5660 
-0.7770 15.6608 29.6852 
-0.2258 15.5221 29.8264 
-0.1840 15.5073 29.8364 
1.1408 15.1827 29.9604 
1.4782 15.1083 29.9626 
1.5150 15.1008 29.9624 
1.6412 15.0959 29.9819 
2.4819 15.0138 30.0636 
2.5122 15.0119 30.0653 
3.8295 15.0852 30.2498 
3.9521 15.0827 30.2603 
3.9710 15.0822 30.2619 
4.6762 15.0798 30.2908 
4.7039 15.0816 30.2888 
5.2673 15.0705 30.3019 
5.2854 15.0700 30.3024 
5.9020 15.1554 30.3890 
6.2550 15.1971 30.4265 
6.2788 15.1988 30.4287 
6.3375 15.2047 30.4307 
7.0355 15.3348 30.4779 
7.0496 15.3376 30.4782 
7.5669 15.2973 30.4312 
7.6863 15.3037 30.4264 
7.7834 15.3124 30.4151 
8.3774 15.3809 30.3532 
8.4155 15.3921 30.3526 
9.0752 15.6077 30.3043 
9.4003 15.6944 30.2825 
9.5612 15.7128 30.2518 
9.6121 15.7218 30.2379 
9.8438 15.7773 30.1864 
10.2129 15.8723 30.1095 
10.3320 15.9167 30.0688 
10.5682 15.9589 29.9422 
10.7132 16.0120 29.8364 
11.1979 16.2645 29.5971 
11.2354 16.2809 29.5739 
11.2946 16.3123 29.5455 
12.0384 16.7505 29.1582 
12.1032 16.7862 29.1199 
12.1316 16.8070 29.0998 
12.2347 16.8911 29.0373 
12.3863 16.9703 28.8889 
12.5932 17.0614 28.7139 
12.8276 17.1944 28.5365 
12.9858 17.2840 28.4170 
13.0258 17.2810 28.3943 
13.0323 17.2831 28.3877 
13.0596 17.3107 28.3543 
13.3301 17.3170 28.0156 
13.3659 17.3155 27.9792 
13.6665 17.5098 27.7376 
13.7021 17.5161 27.7233 
13.7718 17.5348 27.6729 
13.9087 17.7094 27.5056 
13.9211 17.7472 27.4552 
13.9371 17.7963 27.3896 
% end
