% Curve 1: 468521, Curve; 
% Length=147.227; NumberOfSegments=436; FullyAttached=Yes; Closed=Yes; 
% Units: mm
% begin
16.7303 21.9734 18.4164 
16.4368 21.5848 18.9912 
16.4282 21.5742 19.0035 
16.2025 21.2138 19.3710 
15.9131 20.8507 19.7897 
15.7403 20.6510 19.9717 
15.6307 20.4554 20.1073 
15.2637 19.8552 20.5326 
15.1944 19.7661 20.6076 
15.0198 19.5709 20.7403 
14.6115 18.8978 21.0188 
14.4105 18.6443 21.1673 
14.0999 18.3227 21.3251 
13.7092 17.8734 21.4682 
13.6627 17.8303 21.4928 
12.6949 17.0398 21.9077 
12.6580 17.0218 21.9126 
12.6345 17.0067 21.9251 
11.3587 16.2671 22.5320 
11.3043 16.2413 22.5632 
11.2746 16.2298 22.5826 
10.7578 16.0539 22.8933 
10.2013 15.8367 23.2324 
10.1427 15.8072 23.2884 
10.0524 15.7650 23.3713 
9.0555 15.3573 24.1343 
8.9481 15.3225 24.2304 
8.8181 15.2840 24.3415 
8.4456 15.1788 24.7362 
7.8230 14.9660 25.3287 
7.8090 14.9604 25.3434 
7.4162 14.8831 25.8287 
6.7361 14.7659 26.6837 
6.7125 14.7545 26.7312 
6.5027 14.6634 27.1693 
6.4219 14.6086 27.3079 
6.2507 14.4171 27.7222 
6.1863 14.3321 27.8501 
6.1202 14.2462 27.9838 
6.0217 14.0925 28.1274 
5.7857 13.5391 28.6324 
5.6890 13.3401 28.7564 
5.6674 13.2799 28.7856 
5.4422 12.3558 29.2575 
5.3816 12.1346 29.3236 
5.3418 11.9945 29.3366 
5.2986 11.7068 29.3858 
5.2026 10.9703 29.5842 
5.1823 10.7205 29.6246 
5.1153 10.3462 29.6554 
5.0390 9.8082 29.6776 
5.0381 9.8015 29.6777 
4.9582 9.4503 29.6491 
4.7662 8.7851 29.6285 
4.6840 8.4000 29.5926 
4.5955 8.1128 29.5286 
4.4564 7.7999 29.4849 
4.4339 7.7574 29.4737 
4.1526 7.0446 29.2442 
3.9513 6.6059 29.1151 
3.9100 6.4866 29.0743 
3.7983 6.1581 28.9661 
3.7329 6.0351 28.9343 
3.6351 5.9112 28.8649 
3.5774 5.8667 28.8308 
3.3093 5.5092 28.7386 
3.1428 5.3272 28.7148 
3.1308 5.3153 28.7125 
2.6443 4.8019 28.5887 
2.4314 4.5882 28.5460 
1.5896 3.9136 28.3078 
1.5774 3.9099 28.3019 
1.3886 3.7806 28.2771 
0.7515 3.5196 28.1257 
0.6355 3.4705 28.0950 
0.3043 3.4016 27.9807 
-0.1063 3.3288 27.8717 
-0.7787 3.1929 27.6496 
-1.8277 2.9974 27.3466 
-2.1061 2.9525 27.2844 
-2.4585 2.9293 27.1942 
-3.1728 2.8639 26.9539 
-3.2155 2.8645 26.9381 
-3.5693 2.8749 26.8275 
-3.8444 2.8750 26.7088 
-3.9524 2.8738 26.6576 
-4.3397 2.8926 26.4683 
-4.3617 2.8943 26.4606 
-4.7967 2.8927 26.3196 
-5.0106 2.8849 26.2330 
-5.1010 2.8900 26.2170 
-5.2208 2.9189 26.2505 
-5.3433 2.9688 26.2743 
-5.4605 3.0084 26.3013 
-5.4816 3.0166 26.3078 
-5.5153 3.0433 26.3378 
-6.0157 3.4469 26.7940 
-6.0358 3.5081 26.8777 
-6.0791 3.6714 27.0513 
-6.0793 3.6855 27.0600 
-6.0794 3.6958 27.0664 
-6.0804 3.7736 27.1145 
-6.1340 3.9711 27.4658 
-6.1313 4.0865 27.5185 
-6.1097 4.2028 27.5706 
-6.1032 4.2351 27.5851 
-6.1942 4.3763 27.6548 
-6.4718 4.8114 27.8478 
-6.7515 4.9643 27.9554 
-7.0501 5.1158 28.2929 
-7.2881 5.1162 28.4578 
-7.5111 5.0567 28.5607 
-7.9446 5.0511 28.9317 
-8.1742 4.9827 28.9536 
-8.1863 4.9866 28.9524 
-8.5336 5.1222 28.9521 
-8.7336 5.1553 28.8862 
-8.8390 5.1757 28.8558 
-8.9154 5.1691 28.8611 
-10.0993 4.9255 28.8234 
-10.3738 4.8826 28.8263 
-10.4785 4.8524 28.8155 
-10.6802 4.8124 28.7765 
-11.1908 4.7233 28.6890 
-11.4037 4.6807 28.6474 
-11.6013 4.6552 28.5929 
-11.7291 4.6030 28.5234 
-12.0696 4.3840 28.2611 
-12.0799 4.3841 28.2596 
-12.3218 4.3906 28.2189 
-12.7992 4.2447 27.8655 
-12.9397 4.2219 27.7751 
-13.0665 4.2229 27.6827 
-13.3667 4.2136 27.4072 
-13.5614 4.2270 27.3234 
-13.9433 4.3206 27.1512 
-13.9586 4.3242 27.1401 
-13.9828 4.3302 27.1322 
-14.0028 4.3250 27.1237 
-14.3797 4.4517 26.7933 
-14.4561 4.4806 26.7238 
-14.8693 4.7913 26.5886 
-14.9095 4.8173 26.5636 
-14.9334 4.8359 26.5626 
-15.1118 4.9574 26.4492 
-15.6103 5.2872 26.1118 
-15.6261 5.2981 26.1007 
-15.7745 5.4199 25.9963 
-16.1162 5.6612 25.7482 
-16.2348 5.7658 25.7249 
-16.3349 5.8571 25.7037 
-16.8194 6.3226 25.4910 
-16.8768 6.3754 25.4660 
-16.9552 6.4475 25.4318 
-17.0624 6.5381 25.3928 
-17.6691 7.0501 25.0931 
-17.8377 7.2310 25.0207 
-18.0389 7.4206 24.9531 
-18.6137 8.1869 24.9168 
-18.6342 8.2115 24.9136 
-18.6661 8.2523 24.9070 
-18.7409 8.3803 24.9079 
-19.0407 8.8787 24.9045 
-19.0701 8.9331 24.9070 
-19.2587 9.3054 24.9123 
-19.2889 9.3633 24.9140 
-19.3738 9.5801 24.9404 
-19.5718 9.9471 24.9468 
-19.5955 9.9908 24.9478 
-19.8294 10.7648 25.0375 
-19.9091 10.9229 25.0602 
-19.9171 10.9610 25.0671 
-20.0469 11.6772 25.1490 
-20.0538 11.7134 25.1530 
-20.0520 11.7383 25.1583 
-20.0171 12.1158 25.2182 
-20.0774 12.5090 25.3068 
-20.0779 12.5195 25.3085 
-20.1530 13.0978 25.3856 
-20.1550 13.1721 25.3707 
-20.2279 13.5261 25.3963 
-20.3845 14.1275 25.4190 
-20.4796 14.5337 25.4190 
-20.5923 15.0982 25.3906 
-20.6607 15.4075 25.3668 
-21.0425 16.6756 25.2489 
-21.5221 18.3614 25.0440 
-21.7135 19.2228 24.9797 
-21.7953 19.5898 24.9522 
-21.8100 19.6691 24.9433 
-22.1312 20.9722 24.7490 
-22.1326 20.9929 24.7425 
-22.1339 21.0115 24.7366 
-22.4529 22.6838 24.5429 
-22.5016 22.8467 24.5107 
-22.5598 23.0551 24.4621 
-22.6482 23.5274 24.3810 
-22.6234 23.5990 24.3186 
-22.6616 23.7271 24.2084 
-22.6710 23.7498 24.1836 
-22.7163 23.8583 24.0979 
-22.8406 24.0132 23.9042 
-22.8528 24.0291 23.8790 
-22.9036 24.1776 23.6817 
-23.0141 24.3255 23.4627 
-23.0253 24.3403 23.4394 
-23.0713 24.4959 23.2418 
-23.1283 24.6569 23.0311 
-23.1369 24.6849 22.9839 
-23.1434 24.9389 22.7626 
-23.1613 25.0250 22.6856 
-23.1577 25.0452 22.6696 
-23.1427 25.0949 22.6141 
-23.1967 25.3910 22.3120 
-23.1860 25.4229 22.2895 
-23.1043 25.9130 22.0453 
-23.0981 25.9277 22.0247 
-23.0915 25.9446 22.0017 
-23.0906 26.1988 21.8739 
-23.0973 26.2760 21.8394 
-23.0996 26.3029 21.8274 
-23.1051 26.5994 21.6660 
-23.1018 26.6237 21.6575 
-23.1013 26.6271 21.6563 
-23.0507 27.1432 21.4412 
-23.0489 27.1643 21.4326 
-22.9870 27.4130 21.3852 
-22.9442 27.6881 21.2990 
-22.9416 27.7173 21.2873 
-22.8985 28.1054 21.1245 
-22.8913 28.1524 21.1033 
-22.8800 28.3015 21.0174 
-22.8620 28.6488 20.8028 
-22.8571 28.6932 20.7797 
-22.8342 28.9387 20.6555 
-22.8668 29.3738 20.2661 
-22.8673 29.4103 20.2386 
-22.8546 29.6882 20.0210 
-22.8445 30.2848 19.3983 
-22.8581 30.3957 19.2774 
-22.8618 30.4559 19.1961 
-22.8715 30.4965 19.1431 
-22.8414 30.9897 18.5613 
-22.8376 31.0170 18.5287 
-22.8264 31.0477 18.4773 
-22.7767 31.5120 17.6531 
-22.7714 31.5601 17.5437 
-22.7727 31.7294 17.1702 
-22.7753 31.9389 16.6976 
-22.7792 32.0812 16.3781 
-22.7825 32.3834 15.7424 
-22.7725 32.4425 15.6102 
-22.8092 32.6074 15.0605 
-22.8093 32.6271 14.9877 
-22.7884 32.6733 14.8517 
-22.8823 32.6246 14.5010 
-22.9014 32.6092 14.4123 
-22.8847 32.6393 14.2306 
-22.8723 32.6464 14.1504 
-22.9405 32.6054 13.7952 
-22.9335 32.6085 13.4494 
-22.9488 32.5992 13.3270 
-22.9817 32.5973 13.1125 
-22.9699 32.6031 13.0342 
-22.9213 32.6218 12.7166 
-22.9469 32.6291 12.4971 
-22.9477 32.6319 12.4332 
-22.9537 32.6467 11.8716 
-22.9528 32.6478 11.8334 
-22.9511 32.6573 11.7442 
-23.0777 32.6279 11.1693 
-23.0690 32.6335 11.0427 
-23.1671 32.5346 10.4935 
-23.1711 32.5199 10.4527 
-23.1669 32.4895 10.2758 
-23.2329 32.3083 9.8750 
-23.2221 32.2494 9.7912 
-23.2021 32.0902 9.5849 
-23.1351 31.9808 9.3255 
-22.9892 31.8231 9.0350 
-22.9729 31.7991 8.9999 
-22.7204 31.4065 8.4473 
-22.6741 31.3458 8.3702 
-22.6503 31.3238 8.3225 
-22.4654 31.0575 8.0158 
-22.4163 30.9911 7.9649 
-21.8296 30.6612 7.6475 
-21.7844 30.6290 7.6320 
-21.7735 30.6272 7.6300 
-21.7429 30.6242 7.6024 
-21.2063 30.3260 7.4666 
-21.0386 30.2141 7.4610 
-20.6873 30.0078 7.4625 
-20.2977 29.6745 7.4152 
-20.2060 29.5873 7.4134 
-19.2620 28.7730 7.4215 
-19.1089 28.5952 7.4196 
-19.0492 28.5264 7.4116 
-18.0196 27.2902 7.3104 
-18.0017 27.2561 7.3138 
-17.9868 27.2344 7.3100 
-17.9267 27.1664 7.2854 
-17.3338 26.1859 7.1042 
-17.1952 25.9433 7.0633 
-17.1075 25.7777 7.0448 
-16.5343 24.9893 7.0007 
-16.4899 24.8886 7.0072 
-16.4311 24.7773 6.9918 
-16.2094 24.5258 6.9848 
-15.7188 23.9533 6.9643 
-15.6786 23.9064 6.9626 
-14.8371 23.2080 7.0062 
-14.2710 22.7666 7.0562 
-13.8791 22.4782 7.0581 
-13.4505 22.2307 7.0850 
-13.0210 22.0000 7.0803 
-12.6055 21.7718 7.0734 
-12.4666 21.7016 7.0604 
-11.7235 21.4515 7.0474 
-11.2314 21.2807 7.0365 
-10.7774 21.1399 6.9894 
-10.3111 21.0361 6.9371 
-10.1370 20.9789 6.9142 
-9.2240 20.7009 6.7195 
-9.1816 20.6964 6.6819 
-9.2072 20.6751 6.6287 
-9.1182 20.6377 6.6172 
-7.8998 20.1831 6.4310 
-7.3646 20.0117 6.3934 
-6.9177 19.8909 6.3491 
-6.5933 19.8437 6.2935 
-5.9196 19.7810 6.2366 
-5.0566 19.7316 6.1274 
-4.8222 19.7402 6.1071 
-4.7513 19.7447 6.1042 
-4.4782 19.7523 6.0990 
-3.6887 19.7579 6.0946 
-3.5500 19.7678 6.0881 
-3.2289 19.8050 6.0939 
-2.3241 19.9190 6.1038 
-1.9772 19.9715 6.1013 
-1.7083 20.0233 6.1142 
-1.4857 20.0799 6.1151 
-0.9126 20.2477 6.1467 
0.4460 20.6554 6.1868 
0.5530 20.6973 6.1839 
0.9536 20.8601 6.1802 
1.8179 21.2448 6.1477 
1.8429 21.2567 6.1476 
3.2044 21.8083 6.2189 
3.2095 21.8136 6.2226 
3.3553 21.8608 6.2484 
3.4354 21.8973 6.2594 
4.9015 22.5008 6.4962 
4.9210 22.5102 6.4986 
5.4178 22.7844 6.6324 
6.4206 23.4302 6.8760 
6.4413 23.4482 6.8905 
6.7681 23.7048 7.1222 
7.1752 24.1202 7.6548 
7.4961 24.5040 8.0763 
7.5284 24.5310 8.1309 
7.6864 24.6453 8.2830 
7.7206 24.6677 8.3007 
7.8862 24.8127 8.3884 
7.9280 24.8416 8.4101 
8.4082 25.1450 8.5478 
8.4623 25.1582 8.5687 
8.4968 25.1784 8.5789 
9.0918 25.5405 8.6893 
9.2306 25.5931 8.6918 
9.2478 25.5994 8.6925 
9.8094 25.9587 8.8205 
9.9382 26.0466 8.8536 
10.0866 26.1395 8.9013 
10.5829 26.3908 9.0192 
10.6080 26.4007 9.0292 
10.7526 26.4574 9.0746 
11.0885 26.5445 9.1945 
11.2663 26.5844 9.2798 
11.3980 26.6517 9.3633 
11.7544 26.8092 9.5761 
11.9560 26.8801 9.7388 
12.0804 26.9827 9.9100 
12.0827 26.9810 9.9217 
12.1066 26.9884 9.9562 
12.2550 27.0019 10.1294 
12.3483 27.0528 10.2917 
12.4263 27.0839 10.4866 
12.4397 27.1444 10.7136 
12.4435 27.1474 10.7293 
12.4435 27.0631 11.0718 
12.5391 26.9563 11.3213 
12.6421 26.9234 11.4446 
12.6982 26.8723 11.4969 
12.8646 26.7073 11.7984 
12.8959 26.6914 11.8261 
13.1601 26.5535 12.0551 
13.2742 26.4833 12.1677 
13.2816 26.4792 12.1744 
13.8752 26.0443 12.6248 
13.9056 26.0118 12.6604 
13.9409 25.9837 12.7060 
13.9710 26.0174 12.7890 
14.3849 25.6974 12.9833 
14.4025 25.6763 12.9947 
14.5108 25.4805 13.2554 
14.5855 25.4045 13.2650 
14.6863 25.3045 13.2702 
14.7628 25.2674 13.2943 
14.9378 25.1867 13.3149 
15.0671 25.1438 13.1912 
15.0995 25.1239 13.1618 
15.4102 24.9930 13.1077 
15.5482 24.8965 12.9993 
15.6517 24.8171 12.9954 
15.8306 24.7347 13.1882 
16.0857 24.6036 13.3843 
16.1829 24.5667 13.5339 
16.3595 24.5459 13.7609 
16.3664 24.5447 13.7686 
16.3909 24.5444 13.8098 
16.6138 24.4277 14.2804 
16.7096 24.3778 14.4664 
16.7469 24.3482 14.5463 
16.9088 24.2146 14.9350 
16.9847 24.1509 15.1262 
17.0901 23.9617 15.4752 
17.1572 23.8084 15.7993 
17.1614 23.7956 15.8297 
17.1679 23.6489 16.0802 
17.1962 23.3286 16.6033 
17.1890 23.2438 16.7119 
17.0361 22.7597 17.4663 
17.0126 22.6580 17.6144 
16.9452 22.4437 17.8673 
16.7303 21.9734 18.4164 
% end
