% Curve 1: Surface+, Curve; 
% Length=97.9998; NumberOfSegments=328; FullyAttached=Yes; Closed=Yes; 
% Units: mm
% begin
15.1610 19.3941 25.5339 
15.2806 19.5315 25.4379 
15.3222 19.6042 25.4169 
15.4455 19.8756 25.3251 
15.5710 20.1308 25.2243 
15.6255 20.2007 25.1838 
15.6763 20.3159 25.1701 
15.7875 20.9960 24.9804 
15.8024 21.1317 24.9355 
15.8156 21.2433 24.8999 
15.9641 21.6315 24.7012 
16.0110 21.7524 24.6389 
16.0177 21.7696 24.6300 
16.2589 22.1222 24.3718 
16.2611 22.1253 24.3699 
16.3483 22.4001 24.3224 
16.4050 22.4504 24.2721 
16.5192 22.6307 24.0712 
16.6518 22.8501 23.8420 
16.7586 23.0254 23.6590 
17.0814 23.4537 23.0394 
17.2154 23.6233 22.7772 
17.2698 23.6894 22.6688 
17.2912 23.7221 22.6161 
17.4049 23.8679 22.3158 
17.5934 24.1094 21.8182 
17.6482 24.1457 21.6493 
17.6765 24.1667 21.5530 
17.8060 24.3542 21.1228 
17.8101 24.3569 21.1089 
17.8849 24.4111 20.8257 
17.9280 24.4883 20.6374 
17.9617 24.5710 20.4220 
18.0340 24.6192 20.1123 
18.0381 24.6221 20.0926 
18.0495 24.8067 19.6987 
18.0582 24.8204 19.6426 
18.0620 24.8275 19.6087 
18.0893 25.0241 18.9531 
18.0900 25.0296 18.9261 
18.0807 25.0836 18.7779 
18.0782 25.0865 18.7649 
18.0728 25.0926 18.7364 
18.0724 25.2354 18.2352 
18.0724 25.2375 18.2277 
18.0598 25.4201 17.6598 
18.0540 25.4463 17.6136 
17.9924 25.5772 17.3523 
17.9738 25.6972 16.8342 
17.9508 25.7458 16.5638 
17.8895 25.8402 16.1674 
17.8901 25.8432 16.1355 
17.9134 25.9029 15.7297 
17.9915 25.8894 15.4235 
17.9955 25.8893 15.4047 
18.0265 25.8602 15.0853 
18.0561 25.8358 14.7017 
18.0568 25.8351 14.6944 
18.0917 25.7919 14.2705 
18.1358 25.7051 13.8412 
18.1489 25.6840 13.7880 
18.2072 25.5456 13.4692 
18.2576 25.4265 13.2156 
18.2620 25.3972 13.1583 
18.2534 25.3824 13.1320 
18.3170 25.1454 12.7771 
18.3209 25.1113 12.7024 
18.2978 25.0208 12.5529 
18.2774 24.9833 12.4659 
18.2145 24.9049 12.3202 
18.0613 24.7187 11.9679 
17.8981 24.5158 11.5900 
17.8424 24.4572 11.4967 
17.5591 24.2680 11.0779 
17.5428 24.2522 11.0513 
17.4941 24.2102 11.0094 
17.3287 24.1246 10.8799 
17.2476 24.0706 10.8137 
17.0073 23.9262 10.6875 
16.4803 23.7205 10.4243 
16.0760 23.5420 10.2363 
15.9273 23.4978 10.0993 
15.4968 23.1738 9.8643 
15.3535 23.0851 9.8122 
14.8897 22.8374 9.6239 
14.6713 22.7232 9.5340 
14.5698 22.6779 9.5040 
14.0560 22.3686 9.4053 
14.0292 22.3597 9.3954 
13.7986 22.3073 9.3390 
13.6672 22.2564 9.3272 
13.3880 22.1798 9.3276 
13.1013 22.0507 9.3762 
12.9273 22.0001 9.3791 
12.8440 21.9816 9.3872 
12.3062 21.8807 9.4242 
12.1564 21.8466 9.4393 
11.8953 21.8024 9.4848 
11.4894 21.7676 9.5305 
11.4734 21.7668 9.5319 
10.7894 21.7684 9.6441 
10.6819 21.7729 9.6589 
10.6122 21.7850 9.6624 
10.0286 21.8985 9.7108 
9.9281 21.9330 9.7103 
9.9155 21.9385 9.7096 
9.2256 22.2570 9.7004 
9.1732 22.2815 9.6995 
9.0883 22.3212 9.6980 
8.4679 22.5275 9.7223 
8.4224 22.5420 9.7227 
7.9503 22.6795 9.7305 
7.7822 22.7059 9.7260 
7.7796 22.7064 9.7259 
7.6498 22.7471 9.7179 
7.6102 22.7560 9.7221 
7.0783 22.8782 9.7020 
7.0630 22.8859 9.7024 
6.9833 22.9267 9.6957 
6.3247 23.1910 9.6347 
6.3226 23.1918 9.6345 
5.4810 23.6038 9.5362 
5.3572 23.6643 9.5217 
5.2744 23.7029 9.5212 
5.1472 23.7450 9.5331 
4.6147 23.8314 9.4552 
4.3923 23.8775 9.4056 
4.1052 23.8897 9.3147 
3.8161 23.9028 9.2217 
3.5711 23.9115 9.1414 
3.5091 23.9126 9.1229 
3.0736 23.8736 8.9321 
2.5856 23.7210 8.8082 
2.4912 23.7232 8.7629 
2.4497 23.7331 8.7530 
2.2280 23.7882 8.6585 
2.2180 23.7909 8.6493 
2.2069 23.7940 8.6391 
1.9152 23.8254 8.5194 
1.6732 23.8491 8.4272 
1.4996 23.9035 8.3746 
1.4412 23.9307 8.3601 
0.9587 24.1523 8.2468 
0.9041 24.1828 8.2360 
0.8737 24.2003 8.2289 
0.3170 24.5896 8.1289 
0.3120 24.5923 8.1276 
0.3068 24.5958 8.1266 
-0.0688 24.8187 8.0916 
-0.3883 25.0247 8.0349 
-0.4093 25.0371 8.0330 
-0.4924 25.0823 8.0231 
-1.4817 25.5370 7.8559 
-1.5677 25.5742 7.8400 
-1.8288 25.6796 7.8003 
-2.7008 26.0813 7.7066 
-2.8175 26.1302 7.6903 
-2.8691 26.1565 7.6867 
-2.8900 26.1658 7.6867 
-2.9625 26.2072 7.6951 
-3.5302 26.4826 7.7156 
-4.1973 26.7244 7.8031 
-4.2187 26.7228 7.8132 
-4.9655 26.8928 7.9467 
-5.0986 26.9091 7.9870 
-5.3515 26.9601 8.0684 
-5.5370 27.0072 8.1548 
-5.7563 27.0630 8.2566 
-5.9874 27.1450 8.3810 
-6.0400 27.1576 8.4193 
-6.4074 27.3349 8.7397 
-6.4470 27.3571 8.7978 
-6.4615 27.3666 8.8125 
-6.7207 27.5881 9.1102 
-6.7595 27.6527 9.1754 
-6.9540 27.9831 9.5416 
-6.9693 28.0020 9.5656 
-6.9780 28.0209 9.5848 
-6.9949 28.0564 9.6193 
-7.1242 28.2972 9.8642 
-7.2288 28.4991 10.0920 
-7.3119 28.6798 10.2883 
-7.3604 28.7865 10.4071 
-7.4263 28.8959 10.5422 
-7.5395 29.0911 10.8004 
-7.5771 29.2374 10.9492 
-7.5685 29.3227 11.1094 
-7.7311 29.3749 11.3354 
-7.8288 29.4254 11.4537 
-8.0208 29.5114 11.6644 
-8.0846 29.5338 11.7407 
-8.2622 29.5952 11.9510 
-8.4014 29.6341 12.0970 
-8.4385 29.6407 12.1284 
-8.5341 29.6509 12.2138 
-8.8883 29.7115 12.5937 
-8.9678 29.7452 12.7339 
-9.2097 29.8077 13.1909 
-9.2191 29.8195 13.2206 
-9.2681 29.8448 13.3670 
-9.3725 29.8319 13.6890 
-9.6157 29.8235 14.1994 
-9.7220 29.8176 14.4778 
-9.7572 29.8114 14.5728 
-10.0849 29.7495 15.2631 
-10.0947 29.7477 15.2841 
-10.0972 29.7465 15.2898 
-10.1460 29.7253 15.4126 
-10.1503 29.7211 15.4249 
-10.2080 29.6939 15.5602 
-10.2108 29.6917 15.5676 
-10.2284 29.6780 15.6096 
-10.4808 29.4792 16.2470 
-10.5652 29.3891 16.4839 
-10.7127 29.2064 17.0590 
-10.7847 29.1133 17.3641 
-11.0234 28.6171 18.6213 
-11.0449 28.5493 18.8184 
-11.0824 28.1799 19.6291 
-11.1497 27.9224 20.1006 
-11.1548 27.9104 20.1209 
-11.3134 27.3307 20.8943 
-11.3276 27.2932 20.9409 
-11.3655 27.1441 21.0885 
-11.5421 26.6464 21.5331 
-11.5503 26.5775 21.6105 
-11.5495 26.2304 21.9260 
-11.5587 26.0143 22.1121 
-11.5483 25.8918 22.1935 
-11.5262 25.6832 22.3362 
-11.5194 25.6665 22.3522 
-11.4208 25.4569 22.5196 
-11.3993 25.2314 22.6345 
-11.3785 25.1766 22.6521 
-11.2809 24.9561 22.7395 
-11.2265 24.7877 22.7825 
-11.2039 24.7295 22.7939 
-10.9552 24.0112 22.9046 
-10.9109 23.8861 22.9247 
-10.8788 23.8019 22.9361 
-10.8234 23.6507 22.9921 
-10.6111 23.0395 23.0371 
-10.5792 22.9666 23.0268 
-10.4913 22.6633 23.0175 
-10.3849 22.2954 23.0061 
-10.3352 22.1168 23.0020 
-10.2757 21.7588 22.9526 
-10.2239 21.5492 22.9410 
-10.1065 21.0046 22.9306 
-10.0536 20.7576 22.9257 
-10.0529 20.7546 22.9256 
-9.8693 19.9862 22.9180 
-9.8365 19.9143 22.9145 
-9.8120 19.8245 22.9259 
-9.5681 19.2423 22.9786 
-9.5164 19.1509 23.0016 
-9.2286 18.6393 23.1313 
-9.1735 18.5472 23.1577 
-9.0704 18.4321 23.1602 
-8.7258 18.2442 23.3001 
-8.4140 18.0728 23.4259 
-8.3391 18.0526 23.4701 
-8.2296 18.0451 23.5493 
-7.6504 17.9518 23.9310 
-7.5788 17.9646 24.0019 
-7.1507 18.0090 24.4869 
-6.7931 18.0412 24.8861 
-6.7571 18.0440 24.9256 
-6.5195 18.0688 25.1744 
-5.2341 18.0682 26.3759 
-5.1670 18.0704 26.4409 
-5.0574 18.0774 26.5401 
-4.7152 18.0566 26.7974 
-4.0373 17.9752 27.3251 
-3.6498 17.9363 27.6115 
-3.1995 17.7984 27.8644 
-2.7585 17.6457 28.1196 
-2.4085 17.4524 28.3058 
-2.3312 17.4068 28.3395 
-2.0480 17.2684 28.4234 
-1.8958 17.2139 28.4412 
-1.0452 16.9415 28.5611 
-0.9960 16.9279 28.5648 
-0.5080 16.8164 28.6179 
0.2161 16.6156 28.6722 
1.3535 16.3448 28.7014 
1.6318 16.2846 28.7133 
1.6775 16.2724 28.7134 
1.7864 16.2473 28.7092 
3.9396 15.7261 28.6043 
4.0081 15.7171 28.6076 
4.2405 15.7028 28.6012 
4.8465 15.6360 28.5550 
5.7544 15.6308 28.3971 
5.8178 15.6367 28.3802 
6.1861 15.7002 28.3138 
6.4535 15.7610 28.2813 
6.6502 15.8333 28.2309 
6.9153 15.9758 28.2106 
6.9688 16.0071 28.2093 
7.2629 16.2091 28.1826 
7.3171 16.2493 28.1756 
7.6893 16.5056 28.1112 
7.9814 16.7531 28.1000 
8.0432 16.7911 28.0854 
8.3524 16.9463 28.0491 
8.7539 17.1009 28.0512 
8.8444 17.1557 28.0527 
8.8755 17.1680 28.0523 
8.9665 17.2010 28.0555 
9.7187 17.4517 28.0691 
9.8249 17.4672 28.0595 
10.2218 17.5445 27.9900 
10.2367 17.5475 27.9874 
10.7461 17.6830 27.8414 
12.3034 17.9716 27.3211 
12.3185 17.9746 27.3162 
12.3389 17.9800 27.3072 
12.3743 17.9922 27.2943 
12.7665 18.0996 27.1352 
13.5426 18.3167 26.7990 
13.8971 18.4663 26.5954 
13.9135 18.4732 26.5859 
13.9648 18.4942 26.5557 
14.3795 18.6601 26.3077 
14.7273 18.8943 25.9891 
14.7604 18.9246 25.9496 
14.8764 19.0416 25.8203 
15.1610 19.3941 25.5339 
% end
