% Curve 1: 469456, Curve; 
% Length=69.3956; NumberOfSegments=229; FullyAttached=Yes; Closed=Yes; 
% Units: mm
% begin
-5.1084 25.2735 27.8050 
-5.0970 25.7813 27.8183 
-5.1244 26.6113 27.8107 
-5.1258 26.6217 27.8099 
-5.1208 26.7973 27.7406 
-5.1136 27.2986 27.5389 
-5.0618 27.6004 27.3234 
-4.9948 28.3203 26.7687 
-4.9262 28.5576 26.4968 
-4.8053 28.9875 25.9855 
-4.7860 29.0505 25.9130 
-4.7408 29.1976 25.7440 
-4.5908 29.7736 25.0519 
-4.4807 30.1231 24.5953 
-4.2642 30.5788 24.0666 
-4.2201 30.6930 23.9248 
-4.1639 30.7988 23.7600 
-3.9148 31.1168 23.3175 
-3.7169 31.3521 22.8400 
-3.4900 31.5499 22.4608 
-3.4687 31.5683 22.4258 
-3.0817 31.8415 21.7762 
-2.9968 31.9251 21.6114 
-2.9800 31.9360 21.5752 
-2.8531 31.9889 21.3900 
-2.6203 32.0990 21.0112 
-2.4638 32.1817 20.7598 
-2.0098 32.2976 20.2613 
-1.9318 32.3051 20.1904 
-1.8104 32.3026 20.1574 
-1.3733 32.2353 19.9258 
-1.2075 32.2270 19.8371 
-0.7139 32.3143 19.9121 
-0.6340 32.3339 19.8761 
-0.1919 32.4207 19.6978 
0.0141 32.4476 19.5968 
0.0301 32.4503 19.5897 
0.2003 32.5092 19.4895 
0.3569 32.5099 19.3335 
0.6120 32.4667 19.1772 
0.8751 32.3290 18.9419 
0.9723 32.2767 18.8538 
1.2397 32.1294 18.6187 
1.4192 32.0182 18.4498 
1.4622 31.9880 18.4164 
1.5750 31.8845 18.3080 
1.8209 31.7459 18.1463 
1.8457 31.7262 18.1251 
2.2216 31.3964 17.8422 
2.3099 31.3178 17.7747 
2.3586 31.2946 17.7554 
2.8974 30.8393 17.4438 
2.9212 30.8226 17.4333 
3.0671 30.7095 17.3770 
3.4617 30.3524 17.1678 
3.5451 30.2687 17.1265 
3.9312 29.9177 16.9785 
3.9589 29.8961 16.9722 
4.3918 29.5331 16.8854 
4.3947 29.5305 16.8848 
4.5533 29.3829 16.8472 
4.7745 29.2139 16.8377 
4.9861 29.0421 16.8337 
5.1640 28.8800 16.8071 
5.2106 28.8341 16.7957 
5.5907 28.4507 16.7060 
5.6456 28.3977 16.6962 
6.1179 27.9300 16.6163 
6.2256 27.8230 16.5978 
6.2356 27.8127 16.5963 
6.9465 27.1706 16.5888 
7.0788 27.0664 16.6040 
7.1792 26.9830 16.6184 
7.2384 26.9186 16.6146 
7.3871 26.7344 16.6191 
7.5616 26.4660 16.5833 
7.6285 26.3823 16.5846 
7.6809 26.3105 16.5880 
7.9043 25.9532 16.5588 
7.9416 25.8826 16.5575 
8.1549 25.5833 16.6085 
8.2721 25.3753 16.6121 
8.2967 25.3362 16.6106 
8.5723 25.0308 16.6841 
8.6405 24.9616 16.6833 
8.7064 24.9256 16.7169 
8.7696 24.8621 16.7746 
8.8469 24.7845 16.8452 
8.9319 24.6992 16.9228 
9.0335 24.7003 16.9354 
9.0950 24.7009 16.9430 
9.3922 24.6392 17.0471 
9.4418 24.6301 17.0632 
9.5612 24.6456 17.0677 
9.9035 24.6664 17.4428 
9.9824 24.7165 17.5103 
10.1416 24.7029 17.5762 
10.2245 24.7100 17.6192 
10.2621 24.7137 17.6408 
10.4214 24.7246 17.7332 
10.4895 24.7296 17.7745 
10.7977 24.6716 17.9845 
10.8375 24.6650 18.0161 
11.1475 24.7433 18.1986 
11.3602 24.7827 18.3307 
11.4508 24.8031 18.3945 
11.8573 24.7896 18.7220 
11.9307 24.7872 18.7816 
12.2671 24.8274 19.0665 
12.3384 24.7897 19.1161 
12.3697 24.7707 19.1409 
12.4917 24.7534 19.2513 
12.7762 24.6359 19.5250 
12.8354 24.6152 19.5722 
12.9842 24.6577 19.7449 
13.0857 24.6499 19.8415 
13.2844 24.6138 20.0745 
13.4823 24.7581 20.7588 
13.5274 24.7831 20.8847 
13.5452 24.7919 20.9392 
13.5759 24.8291 21.2827 
13.6613 24.8813 21.8553 
13.6728 24.8836 22.0185 
13.7089 24.8764 22.3705 
13.7336 24.8811 22.7155 
13.7254 24.8065 24.1377 
13.7231 24.7595 24.9777 
13.7210 24.7552 25.0273 
13.7224 24.6243 25.9359 
13.7379 24.5291 26.4611 
13.7463 24.4606 26.8644 
13.7097 24.3957 27.0780 
13.6988 24.3022 27.2777 
13.7112 24.0761 27.6604 
13.7212 23.9999 27.7993 
13.7644 23.6584 28.1143 
13.7526 23.5637 28.2336 
13.6755 23.3744 28.4259 
13.6652 23.3108 28.4760 
13.6780 23.2892 28.5023 
13.5740 22.8731 28.7521 
13.5460 22.8124 28.8196 
13.3801 22.5782 29.0391 
13.1502 22.2285 29.3418 
13.1206 22.1983 29.3620 
12.6239 21.8533 29.7757 
12.6041 21.8458 29.7790 
12.4113 21.7305 29.8678 
12.3123 21.6848 29.9206 
12.0735 21.5833 30.0527 
11.8229 21.5051 30.1439 
11.3043 21.4571 30.3776 
11.2175 21.4340 30.4108 
11.1779 21.4237 30.4255 
10.8588 21.4021 30.5599 
10.5605 21.2645 30.6564 
10.5462 21.2625 30.6630 
10.3599 21.2504 30.7377 
10.0969 21.1771 30.7901 
9.9290 21.0586 30.8018 
9.8451 20.9980 30.8086 
9.5885 20.8470 30.8668 
9.5556 20.8278 30.8741 
9.0519 20.4913 30.9566 
8.8584 20.3473 30.9523 
8.8220 20.3155 30.9494 
8.3853 19.9146 30.9264 
8.3100 19.8349 30.9140 
8.2919 19.8125 30.9083 
7.8767 19.2906 30.7789 
7.7445 19.0957 30.7172 
7.6623 18.9956 30.6939 
7.4510 18.7464 30.6288 
7.1360 18.4023 30.5515 
6.6057 17.8752 30.4587 
6.4649 17.7511 30.4231 
6.3745 17.6752 30.4034 
6.2391 17.5739 30.3646 
5.9237 17.3149 30.2549 
5.8996 17.3012 30.2517 
5.7775 17.2433 30.2241 
5.4860 17.0577 30.1122 
5.4445 17.0350 30.0937 
4.8283 16.7897 29.9316 
4.8187 16.7857 29.9289 
4.6105 16.7140 29.8599 
4.3831 16.6754 29.8198 
3.8082 16.6115 29.7542 
3.6086 16.6177 29.7119 
3.1843 16.6926 29.7116 
2.9399 16.7356 29.7112 
2.1186 17.0365 29.5996 
2.0371 17.0759 29.5990 
1.8559 17.1551 29.5883 
1.8427 17.1603 29.5869 
0.5138 17.8264 29.3042 
-0.0140 18.0914 29.1946 
-0.0688 18.1183 29.1825 
-0.0733 18.1204 29.1816 
-0.1282 18.1450 29.1811 
-0.9012 18.5057 29.0012 
-0.9223 18.5138 28.9948 
-1.5415 18.7446 28.8102 
-1.6804 18.7798 28.7608 
-1.7165 18.7857 28.7399 
-1.9965 18.8429 28.5690 
-2.5416 18.9848 28.2370 
-2.5851 18.9943 28.2086 
-2.7141 19.0341 28.1163 
-3.1629 19.1779 27.8079 
-3.2591 19.2234 27.7312 
-3.7643 19.5259 27.4898 
-3.7782 19.5341 27.4831 
-3.8989 19.6025 27.4205 
-3.9877 19.6812 27.4258 
-4.1704 19.8564 27.4609 
-4.3417 20.2138 27.4377 
-4.6387 21.0964 27.5449 
-4.6429 21.1073 27.5456 
-4.6456 21.1149 27.5464 
-4.6630 21.1925 27.5672 
-4.7746 22.1826 27.7084 
-4.7760 22.1901 27.7090 
-4.7785 22.2070 27.7095 
-4.8600 23.3840 27.8197 
-4.8690 23.4433 27.8216 
-5.0038 24.5067 27.8171 
-5.0967 25.1450 27.8056 
-5.1051 25.2250 27.8066 
-5.1084 25.2735 27.8050 
% end
