% Curve 1: 473756, Curve; 
% Length=64.4076; NumberOfSegments=178; FullyAttached=Yes; Closed=Yes; 
% Units: mm
% begin
11.4761 24.0661 23.8784 
11.3213 24.6266 23.9465 
11.3014 24.6955 23.9578 
11.2686 24.7614 24.0005 
10.7356 25.4531 24.3744 
10.7359 25.4590 24.3787 
10.7006 25.5079 24.3915 
10.3090 26.0852 24.5491 
10.2983 26.1042 24.5564 
10.2899 26.1457 24.5849 
10.0510 26.6081 24.7065 
10.0345 26.6657 24.7270 
10.0084 26.7485 24.7367 
9.9034 26.9421 24.8250 
9.8033 27.0871 24.8860 
9.7500 27.3360 25.0087 
9.7256 27.4375 25.0764 
9.7127 27.6207 24.9850 
9.6903 27.9020 24.8616 
9.6155 28.0977 24.7683 
9.5594 28.2326 24.5742 
9.4567 28.4615 24.0310 
9.3189 28.6619 23.5219 
9.3015 28.6888 23.4650 
9.2887 28.7064 23.4126 
9.2731 28.7270 23.3451 
9.1932 28.7966 23.0868 
9.0865 28.8840 22.7155 
9.0807 28.8852 22.6784 
8.9989 28.9024 22.1542 
8.9885 28.9086 22.1093 
8.9496 28.9143 22.0030 
8.8917 28.9000 21.7799 
8.8310 28.8603 21.5580 
8.7118 28.7896 21.2483 
8.3938 28.7583 20.5855 
8.3778 28.7495 20.5446 
8.3666 28.7535 20.5266 
8.3615 28.7530 20.5159 
8.0167 28.6902 19.9318 
7.9586 28.6996 19.8520 
7.7953 28.7119 19.6677 
7.6164 28.7232 19.4642 
7.0154 28.7176 18.9081 
6.9452 28.7144 18.8342 
6.9145 28.7096 18.8089 
6.8600 28.7084 18.7824 
5.7652 28.5810 17.8979 
5.2617 28.5808 17.5361 
5.1717 28.5753 17.4679 
4.6011 28.5104 17.1456 
4.2844 28.5034 16.9781 
3.9221 28.4642 16.8991 
3.6083 28.4060 16.8225 
3.4638 28.3649 16.8321 
2.5857 28.1168 16.8911 
2.5704 28.1113 16.8956 
2.2893 28.0177 16.9809 
1.0850 27.6773 17.3606 
1.0321 27.6580 17.3907 
0.0200 27.4575 18.0023 
-0.0273 27.4503 18.0313 
-0.5097 27.3249 18.5576 
-0.5981 27.2882 18.6507 
-0.6045 27.2862 18.6575 
-0.7835 27.1646 19.0751 
-0.8895 27.1007 19.3469 
-1.1230 26.7197 20.7683 
-1.2213 26.5484 21.3503 
-1.2417 26.5007 21.4521 
-1.2994 26.2593 21.9566 
-1.3213 25.9409 22.5653 
-1.3261 25.7442 22.8147 
-1.3356 25.6427 22.9459 
-1.3356 25.2216 23.3938 
-1.3182 24.9875 23.7052 
-1.2903 24.8250 23.9106 
-1.2661 24.4779 24.2542 
-1.1872 23.8347 24.8651 
-1.1675 23.5294 25.1375 
-1.0592 22.7764 25.7723 
-1.0384 22.6950 25.8344 
-1.0370 22.6631 25.8533 
-1.0367 22.6593 25.8554 
-0.9142 21.7395 26.4333 
-0.9160 21.6137 26.4806 
-0.9162 21.0460 26.6881 
-0.9074 20.8162 26.7839 
-0.9067 20.8034 26.7890 
-0.9128 19.9829 27.0597 
-0.9191 19.9274 27.0839 
-0.9109 19.4007 27.2588 
-0.9152 19.3712 27.2638 
-0.9169 19.3309 27.2668 
-0.9099 19.1012 27.2939 
-0.8979 19.0549 27.2889 
-0.7764 18.3955 27.4195 
-0.7699 18.2479 27.4632 
-0.7397 17.9416 27.4866 
-0.6914 17.1520 27.5416 
-0.7491 16.9652 27.5424 
-0.7971 16.8003 27.5194 
-0.9151 16.3096 27.4539 
-0.9613 16.2377 27.4410 
-1.1695 15.9124 27.3394 
-1.3863 15.5302 27.2235 
-1.3946 15.5155 27.2182 
-1.7746 15.0339 27.0316 
-1.9976 14.7564 26.9235 
-2.0364 14.7202 26.8065 
-2.0681 14.6845 26.7063 
-2.0700 14.6072 26.6406 
-2.0841 14.2428 26.3451 
-2.0296 14.0054 26.3030 
-1.9381 13.7039 26.2216 
-1.8647 13.5846 26.2934 
-1.8961 13.4542 26.3295 
-1.8407 13.2627 26.4086 
-1.8226 13.1816 26.4651 
-1.8197 13.1640 26.4817 
-1.6950 12.8985 26.7792 
-1.6643 12.8348 26.8400 
-1.5183 12.6508 27.0413 
-1.4622 12.5793 27.0871 
-1.3134 12.4603 27.1825 
-0.9801 12.1851 27.3467 
-0.8658 12.0910 27.4045 
-0.6208 11.9263 27.5125 
0.3347 11.2960 28.0056 
0.6568 11.0912 28.1304 
0.8581 10.9451 28.1944 
1.2021 10.7434 28.2785 
1.5089 10.5538 28.3364 
1.6364 10.4637 28.3405 
2.1259 10.2449 28.3081 
2.5407 10.0874 28.3336 
2.5677 10.0835 28.3319 
2.9803 9.9833 28.2257 
3.0181 9.9740 28.2158 
3.2560 10.0040 28.1145 
3.5059 10.0452 28.0381 
4.0421 10.2846 27.8205 
4.3718 10.4279 27.6709 
4.5427 10.5338 27.5799 
4.8803 10.8053 27.4716 
5.0219 10.9841 27.4001 
5.2718 11.2738 27.2812 
5.4201 11.4672 27.2375 
5.6777 11.7936 27.1446 
5.8426 12.0538 27.0628 
6.5568 13.1540 26.6730 
6.5777 13.1870 26.6625 
6.7065 13.4093 26.5899 
7.3986 14.6165 26.2152 
7.4021 14.6229 26.2132 
7.4899 14.7732 26.1562 
7.8716 15.4197 25.8988 
8.0472 15.7091 25.7842 
8.3557 16.1968 25.5523 
8.6073 16.5749 25.3732 
9.0421 17.2558 25.1070 
9.1884 17.4977 25.0378 
9.4054 17.8701 24.9303 
9.8893 18.6918 24.7741 
9.9107 18.7304 24.7696 
10.1036 19.0866 24.7266 
10.8467 20.4753 24.5908 
11.0464 20.8913 24.5464 
11.3269 21.4665 24.4713 
11.5631 21.9496 24.4058 
11.6080 22.0376 24.3880 
11.6775 22.3269 24.3113 
11.6490 22.9765 24.0967 
11.6466 23.0453 24.0716 
11.6436 23.0871 24.0489 
11.5139 23.8708 23.8832 
11.5018 23.9650 23.8634 
11.4996 23.9740 23.8640 
11.4761 24.0661 23.8784 
% end
