% Curve 1: 474288, Curve; 
% Length=113.457; NumberOfSegments=408; FullyAttached=Yes; Closed=Yes; 
% Units: mm
% begin
12.3252 17.6272 26.6656 
12.8004 18.5552 26.5179 
12.9142 18.7858 26.4833 
13.0976 19.1805 26.4030 
13.3588 19.7230 26.2877 
13.5533 20.1419 26.2025 
13.5968 20.2439 26.1751 
13.7300 20.7096 26.0865 
13.7414 20.7432 26.0791 
13.7632 20.8257 26.0644 
13.8907 21.3960 25.8928 
13.8988 21.4390 25.8808 
13.8959 21.4835 25.8494 
13.9021 22.1326 25.6793 
13.8992 22.1520 25.6760 
13.8436 22.4405 25.6131 
13.7504 22.8971 25.5470 
13.7296 22.9865 25.5343 
13.7199 23.0241 25.5281 
13.6526 23.3260 25.4659 
13.5840 23.6655 25.3877 
13.5777 23.6809 25.3815 
13.4465 24.1622 25.1458 
13.4061 24.3524 25.0135 
13.3976 24.3829 24.9974 
13.3869 24.4806 24.9728 
13.2965 25.2109 24.4430 
13.3054 25.2842 24.3111 
13.3069 25.2939 24.3023 
13.3907 25.8962 23.7001 
13.3942 25.9492 23.6491 
13.3932 26.0698 23.4974 
13.4068 26.4096 23.0583 
13.3915 26.5684 22.8688 
13.3197 26.8858 22.3810 
13.2945 26.9778 22.2134 
13.2326 27.1124 22.0338 
13.1684 27.2365 21.8568 
12.9467 27.6434 21.1883 
12.8820 27.7026 21.0810 
12.7903 27.7908 20.9276 
12.4268 28.1457 20.3010 
12.4011 28.1706 20.2572 
12.3242 28.2305 20.1310 
11.9047 28.5675 19.3941 
11.8949 28.5765 19.3762 
11.8411 28.6007 19.2531 
11.7135 28.7613 18.9334 
11.4950 28.9961 18.3236 
11.4619 29.0177 18.2473 
11.2700 29.1373 17.3933 
11.1592 29.2232 16.8661 
11.0892 29.2775 16.5340 
11.0320 29.3046 16.2975 
10.9579 29.3360 15.8473 
10.7482 29.3759 14.7061 
10.7264 29.3905 14.5242 
10.7241 29.3900 14.5123 
10.6576 29.3503 14.1333 
10.5573 29.3016 13.1411 
10.5425 29.2947 13.0269 
10.5371 29.2902 12.9893 
10.4692 29.1882 12.2264 
10.4273 29.1821 12.1107 
10.4023 29.1706 12.0526 
10.3288 29.0499 11.6720 
10.2322 29.0129 11.4649 
10.1443 28.9557 11.3400 
10.0734 28.8783 11.2071 
10.0509 28.8680 11.1796 
9.9379 28.8046 11.0851 
9.8206 28.6937 10.9530 
9.7198 28.5816 10.8804 
9.3621 28.3881 10.7501 
9.3316 28.3679 10.7366 
9.2163 28.2784 10.7029 
8.6484 27.9196 10.5921 
8.6311 27.9070 10.5876 
8.5788 27.8659 10.5770 
8.0486 27.5025 10.5102 
8.0241 27.4861 10.5074 
7.7602 27.3004 10.4849 
7.5401 27.1210 10.4483 
7.4505 27.0663 10.4467 
7.3838 27.0299 10.4409 
6.7480 26.7039 10.4269 
6.6872 26.6826 10.4136 
6.6548 26.6641 10.4099 
6.6490 26.6606 10.4093 
6.6034 26.6233 10.4185 
6.1507 26.3337 10.3508 
5.9642 26.2561 10.3470 
5.7599 26.1747 10.3391 
5.1329 25.9453 10.3311 
4.7915 25.8022 10.3122 
4.3202 25.6102 10.2797 
3.9945 25.5321 10.2944 
3.9496 25.5170 10.3030 
3.1858 25.2471 10.2759 
3.1144 25.2207 10.2756 
1.9638 25.1441 10.3954 
1.5532 25.0875 10.4276 
1.3627 25.0606 10.4423 
1.2953 25.0517 10.4450 
0.9184 25.0748 10.4811 
0.3352 25.0220 10.5193 
0.1694 25.0072 10.5297 
-0.1135 25.0327 10.5743 
-0.6027 25.0829 10.6404 
-0.6580 25.0892 10.6482 
-0.7094 25.0689 10.6999 
-0.7443 25.0609 10.7012 
-1.2984 24.9333 10.7211 
-1.6334 24.9675 10.6694 
-1.7032 24.9494 10.6642 
-1.7869 24.8969 10.6365 
-1.8485 24.8606 10.6176 
-2.0474 24.7635 10.5351 
-2.4796 24.5738 10.3729 
-2.5717 24.5353 10.3355 
-2.8211 24.4118 10.2256 
-2.9355 24.3288 10.1632 
-2.9431 24.3233 10.1601 
-3.0194 24.2846 10.1327 
-3.1218 24.2045 10.0882 
-3.2000 24.1458 10.0437 
-3.3543 24.0632 9.9703 
-3.3931 24.0432 9.9489 
-4.0449 23.8372 9.6567 
-4.0503 23.8351 9.6541 
-4.0939 23.8182 9.6339 
-4.9860 23.6065 9.2884 
-5.0594 23.5895 9.2705 
-5.1638 23.5710 9.2333 
-5.4853 23.5598 9.1465 
-6.1536 23.5372 8.9666 
-6.2190 23.5454 8.9554 
-6.7637 23.6136 8.8614 
-7.2975 23.6474 8.7455 
-7.3506 23.6497 8.7354 
-8.3894 23.8064 8.6232 
-8.7868 23.8538 8.5708 
-8.8929 23.8758 8.5639 
-9.0015 23.8994 8.5554 
-10.0225 24.1575 8.5011 
-10.0692 24.1701 8.4976 
-10.3973 24.3262 8.5156 
-10.7443 24.5023 8.5418 
-10.8352 24.5497 8.5470 
-11.0013 24.6888 8.5983 
-11.4065 24.9744 8.6453 
-11.4294 24.9883 8.6476 
-11.9735 25.3248 8.6887 
-12.0604 25.3957 8.7176 
-12.1247 25.4543 8.7306 
-12.1297 25.4587 8.7321 
-12.5070 25.6962 8.8169 
-12.5744 25.7384 8.8339 
-12.7112 26.0199 8.9145 
-12.7297 26.0659 8.9273 
-12.7658 26.1547 8.9728 
-12.9386 26.7682 9.2766 
-12.9403 26.7857 9.2848 
-12.9468 26.8819 9.3750 
-13.0539 27.1804 9.6186 
-13.0704 27.2243 9.6496 
-13.0420 27.7877 10.0104 
-13.0610 27.9216 10.0708 
-13.0671 27.9665 10.1132 
-13.0515 28.0101 10.1484 
-12.9511 28.2121 10.3036 
-12.7909 28.6147 10.6241 
-12.7640 28.6829 10.6779 
-12.6706 28.7695 10.7807 
-12.5974 28.9839 11.0094 
-12.5883 29.0114 11.0356 
-12.5611 29.2870 11.3104 
-12.5814 29.4085 11.4203 
-12.5851 29.4335 11.4447 
-12.5918 29.4944 11.5608 
-12.6786 29.6887 11.8764 
-12.7402 29.8284 12.0992 
-12.9194 30.0041 12.4487 
-12.9620 30.0386 12.5451 
-13.1712 30.3543 13.2879 
-13.1813 30.3654 13.3019 
-13.2095 30.3894 13.3746 
-13.2495 30.4260 13.4652 
-13.5270 30.6431 14.1634 
-13.5312 30.6466 14.1735 
-13.5521 30.6660 14.2280 
-13.5796 30.7088 14.3152 
-13.7104 30.9194 14.8821 
-13.7278 30.9641 14.9922 
-13.8055 31.1485 15.5039 
-13.8402 31.2132 15.6851 
-13.8459 31.2231 15.7157 
-13.9067 31.3524 16.1145 
-13.9945 31.5463 16.7128 
-13.9990 31.5667 16.7759 
-14.0117 31.6050 16.9467 
-14.0473 31.6736 17.2496 
-14.1212 31.7427 17.8606 
-14.1487 31.8145 18.5648 
-14.1998 31.8560 18.9222 
-14.2531 31.8661 19.2526 
-14.3662 31.8868 20.0611 
-14.3826 31.8897 20.2124 
-14.4328 31.8515 20.5804 
-14.5693 31.7898 21.2630 
-14.6212 31.7738 21.4659 
-14.7160 31.7057 21.7950 
-14.8697 31.6285 22.1910 
-14.9422 31.5537 22.3639 
-15.1802 31.4063 22.6738 
-15.2342 31.3577 22.7839 
-15.3955 31.1187 23.1223 
-15.5109 30.9982 23.2537 
-15.6728 30.8558 23.3785 
-15.7317 30.7937 23.4223 
-16.0040 30.4198 23.7455 
-16.0475 30.3661 23.7889 
-16.0681 30.3313 23.8076 
-16.1082 30.1520 23.9542 
-16.2079 29.7092 24.3159 
-16.2072 29.6472 24.3776 
-16.1813 29.2404 24.7328 
-16.1829 29.1894 24.7736 
-16.1716 29.1626 24.8044 
-16.1580 29.0125 24.9111 
-16.1438 28.5341 25.2001 
-16.1433 28.5288 25.2036 
-16.1145 28.2271 25.3942 
-16.1539 28.1344 25.4573 
-16.1543 28.1178 25.4621 
-16.1429 28.0384 25.4868 
-16.1821 27.6681 25.5771 
-16.1840 27.6571 25.5789 
-16.2292 27.3643 25.6174 
-16.2284 27.2059 25.6587 
-16.2176 27.0592 25.6857 
-16.1778 26.6716 25.7656 
-16.1797 26.6370 25.7685 
-16.1866 26.5605 25.7793 
-16.2377 26.0857 25.7740 
-16.2624 25.9810 25.7635 
-16.2871 25.8277 25.7376 
-16.2322 25.2593 25.8433 
-16.2305 25.2452 25.8458 
-16.2305 25.2159 25.8462 
-16.3534 24.7535 25.7250 
-16.3041 24.5791 25.7510 
-16.2245 24.2007 25.8312 
-16.1989 23.9757 25.8504 
-16.1746 23.8647 25.8523 
-16.1696 23.6217 25.8006 
-16.1640 23.4874 25.7689 
-16.1854 23.0598 25.6281 
-16.1982 22.8858 25.5667 
-16.2197 22.7406 25.5266 
-16.1276 22.3105 25.4951 
-16.1170 22.2744 25.4963 
-16.0428 22.0146 25.5064 
-15.8531 21.6259 25.5316 
-15.8455 21.6080 25.5351 
-15.7200 21.2017 25.5671 
-15.7289 21.1819 25.5772 
-15.7293 21.1457 25.5760 
-15.6595 20.5159 25.6185 
-15.6515 20.4579 25.6238 
-15.6509 20.4523 25.6246 
-15.5890 19.8969 25.7058 
-15.5882 19.8939 25.7067 
-15.5091 19.5914 25.7908 
-15.4987 19.5078 25.8060 
-15.4973 19.4957 25.8084 
-15.5559 19.2515 25.8029 
-15.5602 19.2260 25.7996 
-15.5036 18.8470 25.8464 
-15.4589 18.5875 25.8830 
-15.4076 18.3401 25.9083 
-15.3595 18.1253 25.9335 
-15.3183 18.0385 25.9632 
-15.0546 17.5455 26.1022 
-15.0525 17.5425 26.1025 
-15.0358 17.5179 26.1037 
-14.9670 17.4513 26.1181 
-14.7319 17.1323 26.1597 
-14.5840 16.9210 26.1913 
-14.2424 16.5787 26.3261 
-13.9938 16.3315 26.4016 
-13.9621 16.3056 26.4188 
-13.6863 16.0927 26.5572 
-13.3502 15.8549 26.7160 
-13.2010 15.7923 26.8342 
-13.0733 15.7386 26.9355 
-12.7795 15.5935 27.1437 
-12.6861 15.5726 27.1840 
-12.3061 15.4889 27.5798 
-12.3050 15.4886 27.5807 
-12.0629 15.4265 27.7971 
-11.6861 15.3600 28.3448 
-11.6610 15.3578 28.3793 
-11.4380 15.3089 28.5960 
-11.0656 15.1980 28.8678 
-10.9819 15.1763 28.9267 
-10.4941 15.0687 29.3115 
-10.1082 14.9917 29.6342 
-10.0755 14.9875 29.6596 
-9.5183 15.0082 30.2869 
-9.5102 15.0085 30.2961 
-9.4272 15.0193 30.3844 
-9.0476 15.0375 30.7334 
-9.0152 15.0448 30.7565 
-8.7725 15.1842 31.0238 
-8.6319 15.2052 31.0930 
-8.5205 15.2199 31.1531 
-8.3851 15.2197 31.2148 
-8.3019 15.2338 31.2297 
-8.1368 15.1921 31.2106 
-8.0809 15.1999 31.2051 
-7.5734 15.2962 31.1351 
-7.3646 15.3504 31.1231 
-7.3376 15.3582 31.1209 
-6.7684 15.6043 31.1419 
-6.6616 15.6505 31.1707 
-6.5293 15.7170 31.2003 
-6.2238 15.8928 31.2962 
-6.1956 15.9123 31.3092 
-6.0091 15.9946 31.4192 
-5.9236 15.9929 31.4299 
-5.7932 16.0426 31.4392 
-5.4678 16.0544 31.3627 
-5.4478 16.0603 31.3686 
-5.1792 16.1053 31.4652 
-5.0123 16.1122 31.4642 
-4.6312 16.1379 31.4600 
-4.3666 16.1231 31.3611 
-4.2441 16.1386 31.3811 
-4.0425 16.1649 31.4137 
-3.8176 16.1763 31.4077 
-3.2888 16.2080 31.3921 
-2.9202 16.1851 31.2988 
-2.8358 16.1996 31.3136 
-2.5375 16.2589 31.3595 
-2.3700 16.2569 31.3514 
-2.2015 16.2721 31.3376 
-1.8559 16.2742 31.2436 
-1.5231 16.2885 31.3090 
-1.2078 16.2561 31.2367 
-1.0487 16.2731 31.1960 
-0.8467 16.2599 31.0828 
-0.7729 16.2341 31.0239 
-0.5728 16.1850 30.8581 
-0.5295 16.1614 30.7928 
-0.5140 16.1561 30.7765 
-0.2126 16.0108 30.4974 
-0.1883 16.0050 30.4841 
-0.1497 15.9953 30.4633 
0.2543 15.8996 30.2556 
0.2869 15.8926 30.2384 
0.5957 15.8530 30.1232 
0.8905 15.8243 30.0293 
1.2976 15.7896 29.8969 
1.6179 15.7633 29.7944 
1.6621 15.7588 29.7788 
2.6069 15.6786 29.4376 
2.7556 15.6616 29.3883 
2.8124 15.6578 29.3702 
2.8195 15.6571 29.3677 
3.9459 15.5712 28.9473 
4.2003 15.5517 28.8523 
4.2406 15.5335 28.8473 
4.2502 15.5321 28.8462 
4.4939 15.4966 28.8180 
5.4882 15.4950 28.5520 
5.5237 15.4963 28.5475 
5.6583 15.4926 28.5388 
6.6474 15.6994 28.4803 
6.6763 15.7066 28.4804 
6.7065 15.7146 28.4799 
7.4400 15.9332 28.4885 
7.4858 15.9459 28.4901 
7.5882 15.9606 28.4815 
8.1748 15.9976 28.3898 
8.1759 15.9976 28.3897 
8.6426 16.0176 28.3290 
8.7003 15.9882 28.3187 
8.7821 16.0049 28.2648 
9.1120 15.9253 28.0411 
9.1263 15.9242 28.0328 
9.3962 15.9065 27.8701 
9.5147 15.8904 27.7893 
9.8463 15.8750 27.5302 
10.3144 15.9086 27.2390 
10.4348 15.9185 27.1656 
10.5561 15.9153 27.1059 
11.0251 16.0439 26.8992 
11.0725 16.0573 26.8778 
11.2936 16.1735 26.8182 
11.4604 16.2773 26.7855 
11.5082 16.3241 26.7889 
11.7486 16.6331 26.7481 
11.8330 16.7387 26.7326 
11.8499 16.7595 26.7281 
12.2582 17.5300 26.6768 
12.2785 17.5504 26.6816 
12.2972 17.5775 26.6749 
12.3252 17.6272 26.6656 
% end
