% Curve 1: 475850, Curve; 
% Length=135.502; NumberOfSegments=419; FullyAttached=Yes; Closed=Yes; 
% Units: mm
% begin
18.5666 25.7881 25.1504 
18.5253 26.1419 25.0107 
18.3982 26.5764 24.8154 
18.1788 27.3153 24.5049 
18.1538 27.3957 24.4785 
17.9857 27.7546 24.3484 
17.8809 27.9814 24.2437 
17.7056 28.2634 24.1041 
17.5661 28.4879 23.9960 
17.5455 28.5210 23.9835 
17.3978 28.7258 23.9032 
17.2928 28.8689 23.8293 
17.1757 28.9969 23.7601 
16.9398 29.2443 23.5612 
16.9348 29.2501 23.5567 
16.6380 29.6104 23.3431 
16.5843 29.6688 23.2728 
16.5592 29.6934 23.2281 
16.3230 29.8606 22.8874 
16.2967 29.8786 22.8031 
16.1082 29.8908 22.5273 
15.9671 29.8692 22.2790 
15.9600 29.8685 22.2656 
15.8783 29.8800 22.1036 
15.6846 29.8033 21.6880 
15.5640 29.7516 21.4750 
15.0051 29.8071 20.7776 
14.9520 29.7944 20.6980 
14.9063 29.7954 20.6373 
14.6780 29.7965 20.3585 
14.3700 29.7782 19.9697 
14.3691 29.7781 19.9687 
14.3262 29.7858 19.9269 
14.1250 29.7526 19.6920 
13.7706 29.6693 19.2853 
13.7640 29.6678 19.2779 
13.6466 29.6622 19.1521 
13.3507 29.6011 18.8220 
13.3061 29.5912 18.7809 
12.9515 29.6125 18.4838 
12.7840 29.6094 18.3396 
12.7456 29.6159 18.3086 
12.3798 29.6734 18.0349 
12.3504 29.6819 17.9962 
12.1368 29.6891 17.8435 
12.1234 29.6911 17.8334 
12.0107 29.6992 17.7666 
11.4807 29.6668 17.4197 
11.4483 29.6644 17.4004 
10.7998 29.7507 17.0764 
10.6461 29.7496 16.9895 
10.6042 29.7475 16.9700 
10.1337 29.7966 16.7794 
9.8385 29.7914 16.6390 
9.8238 29.7910 16.6323 
9.7616 29.7896 16.6058 
9.5947 29.8194 16.5376 
9.0329 29.8794 16.3045 
9.0124 29.8831 16.2961 
8.7213 29.9407 16.1503 
8.6525 29.9512 16.1155 
8.4919 29.9694 16.0880 
8.1678 29.8698 15.9507 
8.1033 29.8492 15.9265 
7.8811 29.7982 15.9100 
7.6340 29.5939 15.6962 
7.5610 29.4611 15.6127 
7.4977 29.3585 15.5100 
7.4312 29.1485 15.2270 
7.4403 29.0348 15.1051 
7.4528 28.8834 14.9406 
7.4688 28.6663 14.7039 
7.5343 28.5534 14.6033 
7.7255 28.2215 14.3102 
7.7616 28.0249 14.1173 
7.7667 28.0120 14.1051 
7.9541 27.4756 13.6411 
7.9604 27.4499 13.6231 
7.9421 27.3470 13.5514 
8.0278 26.8931 13.1467 
8.0260 26.8482 13.0992 
8.0290 26.6509 12.8774 
8.0064 26.4251 12.5683 
8.0008 26.3982 12.5348 
7.9737 26.2199 12.3357 
7.9311 26.0681 12.1220 
7.7875 26.0553 11.7870 
7.7221 26.0431 11.7488 
7.5698 25.9397 11.5414 
7.5198 25.9538 11.4639 
7.4191 25.9800 11.3569 
7.2672 26.0581 11.1853 
7.0227 26.1784 10.9906 
6.9436 26.2296 10.9251 
6.8395 26.2898 10.8796 
6.5259 26.4468 10.7424 
6.4205 26.5008 10.6906 
6.1087 26.8065 10.6387 
6.0100 26.9126 10.6344 
5.6491 27.2927 10.6321 
5.5106 27.4057 10.6073 
5.4844 27.4251 10.6043 
5.3632 27.5297 10.6028 
5.0979 27.8362 10.6668 
4.8938 28.0577 10.7211 
4.8396 28.1534 10.7773 
4.7783 28.2639 10.8408 
4.6398 28.4264 10.8790 
4.5750 28.5255 10.8918 
4.4669 28.6333 10.8898 
4.4551 28.6584 10.8998 
4.4335 28.6995 10.9195 
4.3365 28.8210 10.9496 
4.1312 29.0703 10.9769 
4.1232 29.0813 10.9778 
4.0038 29.2480 10.9939 
3.8701 29.4143 10.9876 
3.8395 29.4493 10.9824 
3.6840 29.6126 10.9644 
3.4660 29.8258 10.9234 
3.4343 29.8532 10.9193 
3.2841 30.0849 10.9849 
3.1158 30.2661 10.9929 
3.0161 30.3765 10.9953 
2.8425 30.5113 10.9561 
2.8164 30.5317 10.9501 
2.5770 30.8495 11.0608 
2.5721 30.8558 11.0630 
2.4607 31.0086 11.1246 
2.3642 31.1101 11.1404 
2.3548 31.1193 11.1422 
2.1194 31.3005 11.1522 
2.0521 31.3534 11.1363 
1.8814 31.4612 11.1169 
1.7018 31.5632 11.0853 
1.6642 31.5989 11.0676 
1.3307 31.8750 11.1092 
1.3210 31.8860 11.1131 
1.1826 32.0354 11.1706 
1.0268 32.1864 11.2153 
1.0170 32.1964 11.2179 
0.7294 32.4895 11.2970 
0.6636 32.5723 11.3350 
0.6484 32.5910 11.3437 
0.5964 32.6360 11.3712 
0.0864 33.1270 11.4621 
0.0114 33.1936 11.4391 
-0.0415 33.2486 11.4545 
-0.0681 33.2747 11.4626 
-0.1010 33.3027 11.4998 
-0.3144 33.5072 11.5408 
-0.8628 34.0283 11.6365 
-0.9158 34.0770 11.6458 
-1.7898 34.8696 11.7527 
-1.7942 34.8736 11.7533 
-2.1711 35.1811 11.8057 
-2.6165 35.5439 11.8648 
-2.6322 35.5543 11.8671 
-2.6899 35.6028 11.8647 
-2.8232 35.6715 11.8649 
-3.0121 35.7956 11.8896 
-3.3055 35.9083 11.9480 
-4.2152 36.2392 12.0481 
-4.2430 36.2489 12.0494 
-4.6572 36.3767 12.0712 
-6.0632 36.7751 12.1046 
-6.3557 36.8393 12.1140 
-7.8545 37.1510 12.0607 
-7.9491 37.1713 12.0607 
-8.1192 37.2028 12.0616 
-8.8931 37.3214 12.0164 
-9.2167 37.3722 11.9792 
-9.3106 37.3806 11.9561 
-9.3345 37.3800 11.9519 
-9.8060 37.4130 11.9513 
-10.2030 37.4228 11.9301 
-10.2905 37.4237 11.9259 
-10.8628 37.4176 11.8661 
-10.8922 37.4154 11.8638 
-11.4686 37.3174 11.7028 
-11.5905 37.3097 11.7179 
-11.9729 37.3185 11.7382 
-12.4345 37.3110 11.7421 
-12.5410 37.3108 11.7416 
-12.9486 37.3337 11.7581 
-13.0972 37.3164 11.7443 
-13.3926 37.2781 11.7241 
-13.6744 37.2104 11.6838 
-13.7521 37.2090 11.6843 
-13.8398 37.2057 11.6870 
-14.5750 37.1568 11.6939 
-14.6686 37.1573 11.6998 
-14.7423 37.1543 11.7092 
-15.2224 37.0247 11.7141 
-15.3909 37.0077 11.7303 
-15.5260 36.9874 11.7618 
-15.9092 36.9213 11.8349 
-16.0488 36.9446 11.8918 
-16.3938 37.0028 12.0213 
-16.5230 37.0152 12.0849 
-16.5968 37.0399 12.1158 
-16.8756 37.1361 12.2549 
-16.9807 37.1569 12.3034 
-16.9924 37.1576 12.3131 
-17.0349 37.1682 12.3519 
-17.3599 37.1633 12.6067 
-17.3760 37.1621 12.6241 
-17.6754 37.2910 13.0081 
-17.6804 37.2933 13.0219 
-17.6857 37.2932 13.0352 
-17.6950 37.2988 13.0619 
-17.7692 37.3058 13.2521 
-17.8191 37.3078 13.6545 
-17.8982 37.3632 14.3081 
-17.9476 37.3896 14.7725 
-17.9494 37.3925 14.7901 
-17.9253 37.5286 15.7293 
-17.9054 37.5482 15.9719 
-17.8929 37.5992 16.2784 
-17.8047 37.6719 16.7288 
-17.7775 37.7057 16.8632 
-17.7051 37.8035 17.2166 
-17.6176 37.8570 17.4172 
-17.5047 37.9717 17.6903 
-17.3163 38.1295 18.0681 
-17.2908 38.1589 18.1203 
-16.5997 38.7140 19.1015 
-16.5218 38.7750 19.2128 
-16.5005 38.7931 19.2424 
-16.4716 38.8159 19.2794 
-15.8029 39.2346 20.1861 
-15.7793 39.2525 20.2248 
-15.7325 39.2858 20.3025 
-15.6643 39.3204 20.4209 
-15.2873 39.4085 21.1161 
-15.2365 39.4247 21.2366 
-15.1020 39.3810 21.5788 
-14.9488 39.2642 21.9866 
-14.9115 39.2299 22.1130 
-14.6304 38.7818 23.1594 
-14.5822 38.7173 23.3327 
-14.5787 38.7061 23.3687 
-14.5137 38.6097 23.7223 
-14.5170 38.4794 24.0623 
-14.5535 38.4000 24.3620 
-14.5935 38.3802 24.4919 
-14.5671 38.4017 24.6928 
-14.5000 38.4278 25.1154 
-14.4817 38.4315 25.2876 
-14.4679 38.4406 25.3122 
-14.4595 38.4697 25.3541 
-14.4614 38.4875 25.3725 
-14.3540 38.5249 25.8443 
-14.3217 38.4969 25.9290 
-14.2502 38.4377 26.1093 
-14.2492 38.3951 26.2219 
-14.2475 38.3036 26.4376 
-14.4685 38.1642 26.6534 
-14.7046 37.8485 26.8612 
-14.8728 37.7373 26.9024 
-14.9666 37.5829 26.9076 
-15.5515 36.5047 27.0647 
-16.0078 35.6843 27.1648 
-16.0287 35.6409 27.1683 
-16.2000 35.2369 27.2387 
-16.6952 34.1229 27.3959 
-16.7299 34.0255 27.4050 
-16.9499 33.2484 27.5738 
-16.9991 33.0731 27.6126 
-17.0218 32.9431 27.6327 
-17.0923 32.2925 27.7988 
-17.0940 32.2663 27.8074 
-17.0831 32.0790 27.8511 
-17.0671 31.6248 27.9430 
-17.0610 31.5693 27.9513 
-16.9363 30.9926 28.1399 
-16.9347 30.9783 28.1421 
-16.9324 30.9639 28.1455 
-16.9290 30.9397 28.1503 
-16.8619 30.5817 28.2135 
-16.8543 30.5482 28.2188 
-16.8143 30.3225 28.2326 
-16.7695 30.0617 28.2458 
-16.7648 30.0436 28.2498 
-16.7151 29.8092 28.3063 
-16.6917 29.6009 28.2950 
-16.6911 29.5968 28.2948 
-16.6319 29.2108 28.2861 
-16.6231 29.1563 28.2848 
-16.5842 28.9021 28.2672 
-16.5363 28.5653 28.2236 
-16.5061 28.3726 28.2144 
-16.5010 28.3463 28.2129 
-16.3799 27.6955 28.1555 
-16.3691 27.6314 28.1451 
-16.3646 27.6096 28.1451 
-16.3566 27.5799 28.1448 
-16.1040 26.5398 28.0182 
-16.0916 26.4793 28.0008 
-16.0873 26.4649 28.0027 
-16.0774 26.4385 28.0057 
-16.0596 26.3836 27.9999 
-15.6140 25.0031 27.8331 
-15.5662 24.8836 27.8169 
-15.5634 24.8758 27.8142 
-15.5608 24.8699 27.8145 
-15.5531 24.8506 27.8121 
-15.0744 23.6438 27.6234 
-14.8627 23.1090 27.5365 
-14.7228 22.8124 27.4839 
-14.3864 22.1334 27.4372 
-14.2451 21.8389 27.3960 
-14.1964 21.7419 27.3925 
-14.1532 21.6699 27.3882 
-13.7081 20.9041 27.2964 
-13.6418 20.7860 27.2741 
-13.6057 20.7273 27.2621 
-13.4473 20.4845 27.2463 
-13.3060 20.2620 27.2172 
-13.2680 20.2022 27.2092 
-13.2212 20.1208 27.1995 
-13.2182 20.1154 27.1986 
-13.1557 19.9865 27.1789 
-13.1126 19.8836 27.1386 
-13.0965 19.8454 27.1236 
-12.9215 19.4971 27.0698 
-12.9063 19.4667 27.0648 
-12.6975 19.0777 26.9966 
-12.3607 18.4467 26.8801 
-12.3286 18.3898 26.8748 
-11.9098 17.6932 26.8014 
-11.3513 16.8183 26.7861 
-10.9038 16.1001 26.7475 
-10.8559 16.0326 26.7416 
-10.4244 15.4265 26.6923 
-10.1950 15.1079 26.6713 
-9.5880 14.3631 26.5953 
-9.0053 13.6447 26.5170 
-8.7737 13.3386 26.4546 
-8.5162 13.0417 26.3786 
-8.1077 12.5802 26.2735 
-8.0585 12.5349 26.2590 
-7.6328 12.1105 26.0780 
-7.5762 12.0589 26.0532 
-7.2068 11.8344 25.9479 
-7.1408 11.7987 25.9423 
-5.5062 11.1825 25.7024 
-5.4594 11.1516 25.7005 
-5.1815 11.0481 25.7091 
-4.8852 10.9377 25.7183 
-3.4604 10.5543 25.6443 
-1.6851 10.0942 25.5380 
-1.4061 10.0522 25.5288 
-1.1380 10.0073 25.5233 
-0.6288 9.9258 25.5177 
0.6853 9.7020 25.4861 
0.9572 9.6465 25.4677 
1.3404 9.5825 25.4311 
2.1703 9.5147 25.4341 
2.5782 9.4702 25.4227 
2.9173 9.4430 25.4040 
3.8757 9.5453 25.4389 
4.0914 9.6170 25.5030 
4.2430 9.6610 25.5515 
4.4460 9.6582 25.5125 
4.8908 9.6689 25.4166 
5.3456 9.6920 25.3375 
5.4623 9.7040 25.3128 
6.0927 9.8563 25.3833 
6.1231 9.8530 25.3927 
6.8088 9.9226 25.3460 
7.2782 9.9792 25.2978 
7.6106 9.9908 25.2207 
7.6709 9.9979 25.2010 
8.5707 10.2454 25.3130 
8.6185 10.2509 25.3258 
8.6425 10.2536 25.3322 
8.8925 10.2913 25.3519 
8.9391 10.3121 25.3479 
9.2279 10.4311 25.3542 
9.2635 10.4473 25.3489 
9.6259 10.5699 25.3523 
10.3638 10.7960 25.3564 
10.3779 10.8010 25.3556 
10.3984 10.8073 25.3539 
10.4015 10.8088 25.3540 
10.4067 10.8113 25.3542 
11.1603 11.0867 25.3206 
11.2486 11.1248 25.3094 
11.7736 11.4118 25.3033 
11.9526 11.5469 25.3066 
12.0681 11.6263 25.3156 
12.9430 12.3590 25.3737 
13.0580 12.4998 25.3932 
13.1378 12.5903 25.4106 
13.4987 12.9894 25.4688 
14.1688 13.6471 25.5326 
14.1957 13.6757 25.5342 
15.0667 14.7124 25.7127 
15.0946 14.7457 25.7186 
15.1025 14.7567 25.7219 
16.0187 15.9818 25.9265 
16.0919 16.0817 25.9452 
16.5896 16.8704 26.0503 
16.7351 17.1118 26.0929 
17.3972 18.4687 26.2494 
17.4000 18.4743 26.2500 
17.4019 18.4783 26.2505 
17.4270 18.5283 26.2552 
18.0626 20.1443 26.3194 
18.0754 20.1753 26.3197 
18.1053 20.2774 26.3141 
18.5080 21.5869 26.2059 
18.5135 21.6049 26.2044 
18.5917 22.1528 26.1155 
18.6779 22.6732 26.0044 
18.6804 23.3300 25.8236 
18.6762 24.6399 25.4880 
18.6752 25.0129 25.3920 
18.5666 25.7881 25.1504 
% end
