% Curve 1: 480081, Curve; 
% Length=92.731; NumberOfSegments=316; FullyAttached=Yes; Closed=Yes; 
% Units: mm
% begin
17.8672 21.4515 20.4418 
17.8312 21.4083 20.4732 
17.3600 20.8393 20.8893 
17.3318 20.8030 20.9139 
17.3161 20.7912 20.9285 
17.3052 20.7810 20.9385 
16.7292 20.2738 21.4121 
16.6698 20.2429 21.4643 
16.4706 20.1541 21.5970 
16.2210 20.0099 21.7539 
16.1548 19.9728 21.7935 
15.8540 19.8684 21.9953 
15.7516 19.8280 22.0623 
15.6439 19.7874 22.1280 
15.3272 19.7692 22.2989 
15.1218 19.7335 22.4106 
15.0448 19.7494 22.4637 
15.0040 19.7557 22.5015 
14.6562 19.7765 22.7138 
14.6209 19.7831 22.7379 
14.2738 19.8521 22.9259 
13.9990 19.8731 23.0691 
13.9233 19.8792 23.1042 
13.3355 19.9076 23.3741 
13.2265 19.9192 23.4251 
12.4866 20.0009 23.7396 
12.2266 20.0421 23.8526 
12.2072 20.0448 23.8609 
12.0702 20.0623 23.9284 
11.7106 20.0684 24.0967 
11.0401 20.0125 24.3528 
10.7955 20.0454 24.4209 
10.4019 19.9730 24.5293 
10.1079 19.8421 24.5851 
10.1040 19.8413 24.5859 
9.6759 19.7377 24.6984 
9.3443 19.6505 24.7811 
9.2952 19.6362 24.7954 
8.9681 19.5961 24.9367 
8.5407 19.4733 25.0623 
8.5003 19.4601 25.0757 
7.9409 19.2698 25.2533 
7.7499 19.2089 25.3183 
7.5281 19.1332 25.3987 
6.9808 18.9836 25.6393 
6.9311 18.9684 25.6627 
6.7622 18.9220 25.7483 
6.2875 18.7704 25.9648 
6.2174 18.7625 26.0132 
5.5770 18.7069 26.4324 
5.4552 18.6888 26.5050 
5.4289 18.6910 26.5264 
5.3547 18.7018 26.5781 
5.0066 18.7470 26.8160 
4.9964 18.7489 26.8234 
4.8340 18.7980 26.9004 
4.7745 18.8246 26.9109 
4.6012 18.9052 26.9433 
4.5658 18.9249 26.9430 
4.1057 19.2289 26.9526 
3.8317 19.3615 26.9447 
3.7487 19.4029 26.9378 
2.9185 19.7415 26.8551 
2.6322 19.8690 26.8285 
2.5774 19.8852 26.8219 
2.5536 19.8924 26.8181 
2.2909 19.9602 26.7745 
1.6774 20.1171 26.6725 
1.5671 20.1460 26.6512 
1.1929 20.2773 26.5860 
0.6770 20.3978 26.4837 
0.5177 20.4596 26.4571 
-0.2890 20.7745 26.3165 
-0.3606 20.7963 26.3021 
-0.3742 20.8007 26.2987 
-0.6461 20.8904 26.2272 
-1.6859 21.1943 25.9604 
-1.6884 21.1950 25.9598 
-1.9219 21.2584 25.9045 
-2.7752 21.4308 25.6292 
-3.0376 21.4895 25.5276 
-3.9831 21.6032 25.1294 
-4.1477 21.6218 25.0596 
-4.2247 21.6204 25.0237 
-4.2332 21.6198 25.0196 
-4.4094 21.6104 24.9172 
-4.4293 21.6060 24.9179 
-5.1107 21.6527 24.5038 
-5.1344 21.6567 24.4842 
-5.6219 21.7370 24.0828 
-5.6769 21.7643 24.0468 
-6.1142 22.0518 23.6711 
-6.1677 22.0959 23.6329 
-6.3179 22.2514 23.4948 
-6.7766 22.7715 23.1091 
-6.8028 22.8182 23.0714 
-7.0182 23.3151 22.8231 
-7.0872 23.4813 22.7476 
-7.2098 23.8445 22.6516 
-7.3099 24.2228 22.5429 
-7.4018 24.7271 22.4733 
-7.5020 25.5172 22.3468 
-7.5316 25.8221 22.3121 
-7.5414 26.0317 22.2843 
-7.5757 26.9179 22.1873 
-7.5960 27.3511 22.1297 
-7.6508 28.3076 22.0058 
-7.6965 28.8735 21.8954 
-7.6999 29.0271 21.8618 
-7.7738 29.6340 21.5797 
-7.6353 30.3312 21.5307 
-7.6075 30.4226 21.5123 
-7.5818 30.9192 21.3317 
-7.5852 31.0925 21.2426 
-7.5759 31.9677 20.7491 
-7.5912 32.0644 20.6973 
-7.5927 32.1006 20.6757 
-7.5846 32.1529 20.6324 
-7.5837 32.9128 20.0495 
-7.5837 32.9142 20.0484 
-7.5691 33.0958 19.8826 
-7.5980 33.3768 19.6006 
-7.5883 33.5002 19.4950 
-7.4777 34.2683 18.7433 
-7.4673 34.4323 18.5715 
-7.4641 34.4549 18.5433 
-7.4340 34.6182 18.3451 
-7.3397 35.1140 17.7457 
-7.3025 35.2274 17.5708 
-7.2238 35.5837 16.9771 
-7.1879 35.6802 16.8331 
-7.1040 35.8156 16.5661 
-6.9696 36.1163 15.8524 
-6.9494 36.1473 15.7938 
-6.6413 36.4539 15.0544 
-6.5713 36.5273 14.8307 
-6.4701 36.5607 14.6188 
-6.4136 36.5787 14.4971 
-6.3054 36.5747 14.3249 
-5.9335 36.5528 13.7150 
-5.7868 36.5288 13.4986 
-5.6650 36.4707 13.2540 
-5.6505 36.4655 13.2278 
-5.2751 36.2956 12.6644 
-5.2434 36.2712 12.6172 
-5.2423 36.2705 12.6153 
-5.2243 36.2585 12.5841 
-4.9980 36.0213 12.0561 
-4.9785 35.9998 12.0155 
-4.7736 35.9128 11.7565 
-4.6973 35.8609 11.6366 
-4.6682 35.8471 11.5981 
-4.4560 35.7515 11.3006 
-4.4107 35.7418 11.2502 
-4.3911 35.7374 11.2285 
-4.1066 35.6694 10.9060 
-4.1036 35.6686 10.9031 
-3.7463 35.5957 10.5065 
-3.7295 35.5953 10.4921 
-3.7115 35.5942 10.4776 
-3.6013 35.5782 10.3732 
-3.3771 35.5245 10.1264 
-3.3579 35.5195 10.1056 
-3.0882 35.4059 9.7310 
-3.0840 35.4047 9.7263 
-2.9161 35.3440 9.5540 
-2.8036 35.2935 9.4238 
-2.6790 35.2227 9.2985 
-2.5651 35.1342 9.1540 
-2.5357 35.1111 9.1162 
-2.3155 34.8880 8.8933 
-2.2880 34.8730 8.8774 
-1.5886 34.4188 8.5660 
-1.4600 34.3255 8.5011 
-1.4430 34.3155 8.4943 
-1.3138 34.2294 8.4539 
-0.4167 33.6692 8.2019 
-0.3843 33.6501 8.1938 
0.5507 33.0370 8.0251 
0.5631 33.0283 8.0235 
1.4159 32.2668 7.8037 
1.5728 32.1558 7.7839 
2.1877 31.6984 7.7270 
2.2454 31.6463 7.7139 
2.4572 31.4530 7.6671 
2.7544 31.1904 7.6100 
3.0404 30.9381 7.5548 
3.4288 30.7222 7.5747 
3.4505 30.7041 7.5714 
3.4835 30.6643 7.5806 
3.6832 30.4083 7.4744 
3.7346 30.3613 7.4674 
3.9585 30.1571 7.4366 
3.9669 30.1485 7.4358 
4.0857 30.0619 7.4523 
4.1764 29.9663 7.4399 
4.2588 29.8725 7.4337 
4.2961 29.7977 7.4053 
4.3223 29.7641 7.4004 
4.5783 29.3847 7.3700 
4.6192 29.3364 7.3754 
4.6811 29.2568 7.3873 
5.1035 28.7145 7.4686 
5.1129 28.7005 7.4714 
5.4951 28.1754 7.6110 
5.5182 28.1395 7.6166 
5.5359 28.1092 7.6223 
6.0186 27.0991 7.6772 
6.0381 27.0650 7.6830 
6.0974 26.9450 7.7100 
6.4033 26.1859 7.8120 
6.4063 26.1755 7.8146 
6.5281 25.7525 7.9236 
6.5759 25.6556 7.9657 
6.6530 25.4566 8.0815 
6.7546 25.1149 8.2561 
6.8218 25.0289 8.3326 
6.9646 24.8467 8.4935 
7.0309 24.7449 8.5636 
7.0468 24.7147 8.5898 
7.3193 24.4628 8.9597 
7.3343 24.4497 8.9775 
7.3541 24.4363 8.9853 
7.6256 24.3058 9.3153 
7.7360 24.2621 9.4150 
7.8243 24.2100 9.4902 
7.8595 24.2010 9.5232 
7.9530 24.1879 9.5780 
8.1051 24.1567 9.6640 
8.4059 24.1131 9.7736 
8.4728 24.0766 9.7951 
8.4909 24.0684 9.7993 
9.1898 23.8474 9.8637 
9.2593 23.8311 9.8748 
9.3727 23.8062 9.8908 
10.0246 23.6662 9.9852 
10.0428 23.6651 9.9845 
10.4051 23.5897 9.9807 
10.4733 23.5584 9.9392 
10.4821 23.5549 9.9399 
10.5423 23.5256 9.9567 
10.7532 23.3622 9.9605 
10.7810 23.3416 9.9575 
11.0582 23.1259 9.9246 
11.2032 23.0039 9.9049 
11.2539 22.9604 9.8999 
11.8627 22.7310 9.9980 
11.9180 22.7010 10.0016 
11.9743 22.6940 10.0058 
12.5623 22.5245 10.0479 
12.6634 22.5110 10.0555 
12.7798 22.4966 10.0501 
13.5577 22.6201 10.2191 
13.7538 22.7293 10.2981 
14.1459 22.9430 10.4184 
14.3453 23.0466 10.4796 
14.3625 23.0558 10.4867 
14.5368 23.1471 10.5583 
15.0922 23.3852 10.7817 
15.1250 23.4056 10.7955 
15.4838 23.6319 10.9893 
15.8208 23.7842 11.1575 
15.9254 23.8497 11.2289 
16.0931 23.9541 11.3502 
16.6701 24.3844 11.7871 
16.7278 24.4393 11.8480 
17.0255 24.7224 12.1655 
17.0912 24.7716 12.2292 
17.1042 24.7814 12.2438 
17.2031 24.8807 12.3634 
17.5304 25.1135 12.7295 
17.5548 25.1401 12.7620 
17.6550 25.2466 12.9335 
17.7036 25.2970 13.0155 
17.7809 25.3734 13.1954 
17.9951 25.4424 13.4904 
18.0355 25.4546 13.5449 
18.2723 25.5057 13.8950 
18.4080 25.5179 14.0599 
18.4500 25.5187 14.1138 
18.8166 25.5066 14.5379 
18.8406 25.5070 14.5686 
19.0537 25.4804 14.8731 
19.3340 25.4226 15.2158 
19.3766 25.4202 15.2840 
19.4528 25.4064 15.4218 
19.7258 25.3959 16.0116 
19.7467 25.3903 16.0686 
19.7765 25.3852 16.1603 
19.9026 25.3837 16.6142 
19.9120 25.3667 16.7185 
19.9483 25.3066 16.9783 
19.9453 25.3076 17.0525 
19.8901 25.2832 17.3415 
19.8440 25.2491 17.6215 
19.8075 25.2220 17.7287 
19.6973 25.1364 18.0573 
19.6486 25.1290 18.1633 
19.4813 25.0892 18.4354 
19.4476 25.0743 18.4955 
19.4392 25.0707 18.5104 
19.3038 25.0101 18.6239 
19.1435 24.9113 18.7749 
19.1261 24.8887 18.7985 
19.0958 24.8489 18.8377 
19.0160 24.7379 18.9456 
18.9604 24.6620 19.0277 
18.9590 24.2926 19.2113 
18.9192 24.1538 19.2848 
18.8706 24.0035 19.3527 
18.6045 23.1532 19.7308 
18.6010 23.1448 19.7351 
18.5856 23.1107 19.7512 
18.3374 22.3470 20.0380 
18.3200 22.3002 20.0527 
18.1045 21.9263 20.2384 
17.8672 21.4515 20.4418 
% end
