% Curve 1: 483347, Curve; 
% Length=72.0775; NumberOfSegments=244; FullyAttached=Yes; Closed=Yes; 
% Units: mm
% begin
8.2279 13.8181 30.0397 
8.1076 14.1319 30.0756 
7.9889 14.4664 30.0499 
7.9100 14.6622 30.0332 
7.9020 14.6856 30.0236 
7.8290 14.8779 29.9416 
7.8050 15.0180 29.8933 
7.7723 15.4418 29.6452 
7.7435 15.5191 29.5950 
7.7337 15.5420 29.5697 
7.5387 15.9837 29.1223 
7.5313 16.0028 29.1037 
7.4377 16.2530 28.8425 
7.3184 16.4978 28.5707 
7.3147 16.5166 28.5530 
7.2059 17.0977 27.9763 
7.2043 17.1191 27.9422 
7.2000 17.1347 27.9274 
7.1988 17.1429 27.9202 
7.1095 17.5985 27.5111 
7.1046 17.6240 27.4879 
7.1320 18.0993 27.1370 
7.1310 18.1306 27.1120 
7.1303 18.1422 27.1033 
7.1494 18.3210 26.9953 
7.2049 18.9536 26.5790 
7.2130 19.0351 26.5267 
7.2296 19.1924 26.4232 
7.2839 19.8588 25.9754 
7.2838 19.8724 25.9656 
7.2987 20.6290 25.3559 
7.2870 20.6822 25.2693 
7.2835 20.7633 25.2364 
7.2616 20.8518 25.1977 
7.0935 21.5789 24.5341 
7.0775 21.6766 24.4433 
7.0482 21.8907 24.2254 
6.9798 22.1199 23.9685 
6.9372 22.2658 23.7981 
6.7482 22.6460 23.2978 
6.7434 22.6710 23.2704 
6.6307 23.3016 22.5587 
6.5670 23.5268 22.2813 
6.4778 23.8328 21.9106 
6.4210 23.9853 21.7139 
6.4195 23.9924 21.7059 
6.3894 24.1072 21.5957 
6.2196 24.5454 21.1282 
6.1462 24.7147 20.9675 
6.0871 24.8055 20.8654 
5.9823 24.9472 20.6961 
5.9536 24.9793 20.6874 
5.6781 25.2622 20.4510 
5.6448 25.2865 20.4268 
5.2538 25.5596 20.2086 
5.1535 25.6115 20.1669 
5.1405 25.6202 20.1528 
4.9755 25.7041 19.9918 
4.7396 25.7225 19.8291 
4.5830 25.6390 19.7848 
4.2706 25.7014 19.6973 
4.2612 25.7029 19.6945 
4.0501 25.7275 19.6257 
3.9550 25.7323 19.6319 
3.7896 25.6922 19.5947 
3.4839 25.5577 19.6005 
3.4824 25.5570 19.6005 
3.0630 25.4256 19.4870 
2.9532 25.3810 19.4769 
2.8546 25.3326 19.4649 
2.4511 25.1320 19.4223 
2.4455 25.1279 19.4212 
1.9908 24.8269 19.2765 
1.8851 24.7544 19.2472 
1.8390 24.7417 19.2465 
1.6473 24.6670 19.1800 
0.9279 24.2458 18.9239 
0.7975 24.1636 18.8752 
0.0170 23.7138 18.4262 
-0.1146 23.6347 18.3589 
-0.1983 23.5889 18.2905 
-0.6618 23.3591 17.7782 
-0.8203 23.2790 17.6124 
-0.8339 23.2731 17.5862 
-0.8563 23.2673 17.4931 
-1.0763 23.1944 16.7792 
-1.0985 23.1984 16.5638 
-1.0923 23.2111 16.4498 
-1.0819 23.2088 16.3647 
-0.9263 23.1027 15.5162 
-0.8044 23.0936 15.2562 
-0.7887 23.0886 15.2284 
-0.6514 23.0204 14.9355 
-0.5312 23.0209 14.8020 
-0.3305 23.0085 14.5965 
-0.3288 23.0081 14.5943 
-0.2176 23.0141 14.4996 
-0.0089 23.0281 14.3165 
0.0251 23.0315 14.2845 
0.0562 23.0555 14.2469 
0.2959 23.0914 14.0854 
0.3792 23.0899 14.0420 
0.7315 23.1589 13.9675 
1.0441 23.2155 13.8731 
1.1155 23.2355 13.8633 
1.6117 23.3828 13.7880 
2.0417 23.4871 13.6896 
2.0680 23.4920 13.6844 
2.9614 23.7440 13.6160 
3.0542 23.7661 13.6037 
3.0745 23.7526 13.6192 
4.1088 23.9441 13.4390 
4.3224 23.9914 13.4202 
4.6339 24.0217 13.4146 
4.7881 24.0027 13.3816 
4.9771 24.0451 13.3253 
5.2922 24.0084 13.0691 
5.3096 24.0115 13.0650 
5.7956 24.0364 13.0008 
5.9102 24.0253 12.9414 
6.1573 23.9509 12.6757 
6.1939 23.9203 12.6471 
6.3372 23.8197 12.5099 
6.9197 23.8060 12.3346 
7.0083 23.8374 12.2645 
7.1887 23.8363 12.1614 
7.2637 23.8428 12.1433 
7.2696 23.8435 12.1420 
8.0135 23.8666 12.0180 
8.1082 23.8618 12.0074 
8.1334 23.8623 12.0016 
8.1391 23.8631 12.0010 
8.9815 23.9123 11.8411 
9.1079 23.9400 11.8368 
9.2577 23.9447 11.8606 
9.3486 23.9311 11.8917 
10.1044 23.8282 12.1596 
10.2091 23.8041 12.1875 
10.2628 23.7989 12.2085 
10.2686 23.7982 12.2109 
10.5044 23.7437 12.2832 
10.7738 23.6814 12.3660 
11.0266 23.6162 12.4512 
11.1844 23.5904 12.5174 
11.2405 23.5784 12.5385 
11.8392 23.4374 12.7799 
11.9161 23.4393 12.8259 
12.3551 23.4374 13.1140 
12.4325 23.4129 13.1791 
12.4885 23.4026 13.2066 
12.6237 23.4348 13.2926 
13.1114 23.4505 13.5934 
13.1570 23.4716 13.6306 
13.4580 23.5862 13.9734 
13.5444 23.5996 14.0588 
13.5895 23.6248 14.1156 
14.0774 23.8053 14.6612 
14.1016 23.8136 14.6935 
14.1605 23.8309 14.7702 
14.4001 23.8991 15.0807 
14.4934 23.9242 15.2117 
14.6819 24.0852 15.5632 
14.7230 24.1242 15.6428 
14.8340 24.2330 15.9053 
14.9812 24.3170 16.1994 
15.0226 24.3406 16.2825 
15.2358 24.6640 16.8749 
15.2871 24.7005 16.9015 
15.3001 24.7101 16.9285 
15.3022 24.7115 16.9323 
15.5917 24.9259 17.4591 
15.6241 24.9575 17.5183 
15.7949 25.1131 17.8026 
15.9737 25.2347 18.0867 
16.0637 25.2638 18.2081 
16.3363 25.3599 18.6215 
16.4019 25.3621 18.7463 
16.4402 25.3660 18.7898 
16.5577 25.3980 18.9144 
16.9749 25.4016 19.3953 
17.0426 25.4026 19.4864 
17.2032 25.3423 19.7079 
17.2128 25.3383 19.7239 
17.5001 25.2550 20.1981 
17.5317 25.2434 20.2694 
17.7711 25.2147 20.7864 
17.8402 25.1434 20.9677 
17.8858 25.0880 21.1073 
18.0408 24.9402 21.6245 
18.0833 24.8762 21.7411 
18.1054 24.7230 21.9940 
18.1127 24.6347 22.2051 
18.0899 24.5680 22.3355 
18.0796 24.3158 22.6111 
18.0844 24.0817 22.8253 
18.0953 23.9473 22.9540 
18.1478 23.3339 23.2391 
18.1482 23.1004 23.3493 
18.1249 22.8524 23.4579 
17.9826 21.2920 23.9651 
17.9526 21.2640 23.9675 
17.8267 20.9186 24.0586 
17.7493 20.7955 24.0830 
17.0117 19.6914 24.4037 
16.5940 19.0577 24.5742 
16.5581 19.0096 24.5971 
16.4301 18.8517 24.6711 
15.7127 17.9691 25.0892 
15.6683 17.9205 25.1231 
15.3391 17.5903 25.3525 
15.1122 17.3560 25.5022 
15.0643 17.3103 25.5311 
14.5951 16.8777 25.8317 
14.5910 16.8736 25.8341 
13.8633 16.1828 26.2315 
13.7941 16.1139 26.2660 
13.6975 16.0192 26.3131 
13.3275 15.6303 26.4833 
12.7465 15.0431 26.7040 
12.7325 15.0282 26.7095 
12.0621 14.3322 26.9735 
11.7962 14.0482 27.1267 
11.5667 13.8323 27.2434 
11.1544 13.4260 27.4953 
11.1152 13.3922 27.5259 
10.7936 13.0988 27.7893 
10.6292 12.9263 27.9238 
10.5841 12.8906 27.9519 
10.4621 12.8019 28.0872 
9.9930 12.5312 28.5088 
9.8644 12.5019 28.6621 
9.6997 12.4765 28.8391 
9.5824 12.4674 28.9776 
9.4488 12.5081 29.2054 
9.3188 12.5491 29.4226 
9.3095 12.5494 29.4458 
9.2886 12.5555 29.4579 
9.2614 12.5745 29.4789 
8.9433 12.7855 29.7184 
8.8349 12.9150 29.8273 
8.6487 13.1328 29.9141 
8.6271 13.1565 29.9238 
8.5175 13.3387 29.9880 
8.2957 13.7100 30.0387 
8.2279 13.8181 30.0397 
% end
