% Curve 1: Surface+, Curve; 
% Length=73.7814; NumberOfSegments=207; FullyAttached=Yes; Closed=Yes; 
% Units: mm
% begin
4.8166 26.4614 12.9830 
4.8102 26.4598 12.9831 
4.7534 26.4450 12.9872 
3.8158 26.2165 13.0554 
3.7991 26.2124 13.0574 
3.4660 26.1288 13.0917 
3.2951 26.0959 13.0930 
3.2260 26.0820 13.0917 
2.3116 25.8880 13.2083 
2.0396 25.8458 13.2504 
1.2695 25.7434 13.3431 
0.7853 25.6786 13.4425 
0.4058 25.6102 13.5201 
0.3307 25.6006 13.5355 
-0.0033 25.5553 13.6387 
-0.3137 25.5182 13.7349 
-0.5935 25.4812 13.8619 
-1.5631 25.1515 14.1260 
-1.7300 25.1374 14.1902 
-2.0646 25.1036 14.3276 
-2.6968 25.0239 14.5778 
-2.7073 25.0206 14.5815 
-2.7131 25.0210 14.5846 
-3.1162 24.9790 14.7684 
-3.2113 24.9675 14.8153 
-3.3296 24.9598 14.8767 
-3.6746 24.9464 15.0597 
-3.8449 25.0338 15.1926 
-4.2010 25.2193 15.4333 
-4.2498 25.2580 15.4885 
-4.8001 25.6926 16.0804 
-4.8145 25.6997 16.0933 
-4.8247 25.7176 16.1102 
-4.8503 25.7429 16.1097 
-5.4152 26.0822 16.7348 
-5.4696 26.1136 16.7989 
-5.5074 26.1535 16.8493 
-5.8825 26.3433 17.2762 
-5.9404 26.3632 17.3549 
-6.1026 26.4662 17.6405 
-6.2162 26.5575 17.9064 
-6.2818 26.5969 18.0910 
-6.3680 26.6730 18.3990 
-6.3775 26.6754 18.4517 
-6.3530 26.7642 18.9755 
-6.3533 26.7809 19.0927 
-6.3373 26.8021 19.1791 
-6.3275 26.8099 19.2230 
-6.1631 26.9352 19.7086 
-6.1297 26.9588 19.8044 
-6.0591 26.9919 20.0636 
-5.9102 27.1099 20.4828 
-5.9123 27.0989 20.6022 
-5.8704 27.0165 20.9995 
-5.8470 26.9731 21.2131 
-5.8450 26.9701 21.2293 
-5.8304 26.9484 21.3375 
-5.8244 26.8255 21.5932 
-5.7708 26.3996 22.4376 
-5.7442 26.3025 22.5989 
-5.6528 25.9933 23.1231 
-5.6338 25.9142 23.2498 
-5.5733 25.7411 23.4859 
-5.3943 25.3719 24.0537 
-5.3727 25.3321 24.1078 
-5.2553 25.1198 24.3986 
-5.0796 24.9066 24.7517 
-4.9585 24.7641 24.9645 
-4.9120 24.6827 25.0669 
-4.8862 24.6547 25.1104 
-4.7186 24.4735 25.3719 
-4.5948 24.3146 25.5928 
-4.5858 24.3037 25.6058 
-4.5228 24.2363 25.6742 
-4.3494 23.9097 26.0099 
-4.3280 23.8704 26.0470 
-4.0943 23.5144 26.4085 
-4.0298 23.3723 26.5343 
-4.0060 23.3311 26.5740 
-3.9444 23.2349 26.6443 
-3.7860 22.9045 26.8573 
-3.4931 22.3406 27.1250 
-3.4280 22.1482 27.1972 
-3.2437 21.7242 27.2943 
-3.0084 21.2978 27.4232 
-2.8469 21.0344 27.5130 
-2.3574 20.3092 27.6912 
-2.2154 20.0921 27.7423 
-2.1956 20.0657 27.7439 
-2.1000 19.9665 27.7593 
-0.8944 18.6608 27.9613 
-0.7132 18.5209 27.9813 
-0.6548 18.4840 27.9971 
-0.2958 18.2879 28.0406 
0.2543 17.9182 28.1092 
0.3025 17.8851 28.1160 
1.2588 17.3363 28.3194 
1.2644 17.3334 28.3202 
1.9829 16.9820 28.4378 
2.6511 16.6818 28.5677 
2.7113 16.6573 28.5813 
3.3759 16.4598 28.6530 
3.6417 16.3834 28.6840 
3.7239 16.3639 28.6973 
4.2643 16.3101 28.7065 
4.4468 16.2995 28.7170 
4.6787 16.3102 28.7063 
5.4234 16.2526 28.5708 
5.4702 16.2502 28.5635 
5.8884 16.2624 28.4694 
6.2283 16.2171 28.3216 
6.7566 16.1837 28.0603 
7.0984 16.1602 27.8885 
7.1563 16.1585 27.8574 
8.3764 16.0737 27.1437 
8.5132 16.0737 27.0586 
8.5394 16.0731 27.0429 
8.5740 16.0744 27.0257 
9.7952 16.1367 26.4782 
9.9924 16.1690 26.4013 
10.0876 16.1885 26.3834 
10.6894 16.3206 26.2655 
10.8479 16.3522 26.2283 
10.9107 16.3723 26.2282 
11.5152 16.5899 26.2158 
11.5382 16.5974 26.2118 
11.6147 16.6208 26.2208 
12.0881 16.8559 26.2375 
12.1415 16.8852 26.2377 
12.4133 17.0459 26.2536 
12.6765 17.1968 26.2630 
12.7771 17.2577 26.2709 
12.8145 17.2842 26.2718 
13.2928 17.5908 26.2492 
13.3850 17.6528 26.2340 
13.4471 17.6989 26.2219 
13.5028 17.7426 26.2159 
13.9733 18.1226 26.1840 
14.0470 18.1993 26.1730 
14.5240 18.7620 26.2088 
14.5895 18.8409 26.2163 
14.7063 19.0295 26.2189 
15.3020 20.0234 26.2676 
15.3370 20.1070 26.2651 
15.9045 21.3444 26.1623 
15.9502 21.4643 26.1400 
16.0005 21.6012 26.1138 
16.1167 21.8855 26.0344 
16.4679 22.7145 25.7766 
16.6515 23.0618 25.5912 
16.6834 23.1185 25.5569 
16.8995 23.7874 25.1185 
17.0826 24.4721 24.6914 
17.1821 24.7702 24.4202 
17.2472 25.1074 24.0969 
17.2874 25.2798 23.9023 
17.2349 25.4698 23.6685 
17.1493 25.7648 23.2384 
17.0733 26.0254 22.8509 
16.8888 26.3503 22.3490 
16.5771 26.8651 21.5071 
16.4725 26.9989 21.2422 
16.2195 27.2517 20.7241 
15.9480 27.5168 20.1611 
15.9220 27.5323 20.1251 
15.2579 27.8180 19.0319 
15.1675 27.8305 18.9215 
15.1530 27.8341 18.9000 
15.1096 27.8385 18.8293 
15.0356 27.8289 18.6903 
14.5466 27.7903 17.7996 
14.4272 27.7723 17.6230 
13.9061 27.5998 16.7706 
13.6711 27.4950 16.3629 
13.6219 27.4722 16.2858 
13.2886 27.3695 15.8065 
13.1549 27.3350 15.6201 
13.1269 27.3263 15.5875 
12.6065 27.2226 15.0200 
12.5891 27.2183 15.0004 
12.5630 27.2120 14.9697 
12.5387 27.2147 14.9484 
12.3692 27.2258 14.7930 
12.3461 27.2310 14.7622 
12.0577 27.2296 14.4934 
12.0380 27.2265 14.4802 
11.8526 27.2353 14.3855 
11.5653 27.2303 14.2246 
11.3425 27.2212 14.1104 
10.5314 27.2964 13.7813 
10.4467 27.3008 13.7441 
10.4310 27.3034 13.7387 
10.3338 27.3063 13.7196 
10.3123 27.3034 13.7192 
9.8624 27.2973 13.5735 
9.4696 27.2730 13.4955 
8.7701 27.2414 13.3615 
8.2093 27.2114 13.2521 
8.2015 27.2114 13.2507 
7.8460 27.2042 13.2053 
7.2136 27.1069 13.0943 
7.1697 27.0983 13.0859 
6.3320 26.9170 12.9931 
6.2518 26.8868 12.9654 
6.2277 26.8778 12.9621 
6.1671 26.8570 12.9632 
5.4401 26.6524 12.9733 
4.8166 26.4614 12.9830 
% end
