% Curve 1: 485361, Curve; 
% Length=80.211; NumberOfSegments=249; FullyAttached=Yes; Closed=Yes; 
% Units: mm
% begin
-3.9415 18.4015 29.3057 
-4.0218 18.4157 29.2924 
-4.1130 18.4352 29.2628 
-4.4226 18.5021 29.1681 
-4.9442 18.6518 29.0027 
-5.0428 18.6708 28.9702 
-5.7477 18.8301 28.6728 
-5.9183 18.8912 28.6101 
-5.9363 18.8959 28.6027 
-6.1856 18.9710 28.4801 
-7.0215 19.2307 28.0727 
-7.0561 19.2426 28.0535 
-8.1524 19.8283 27.5312 
-8.2246 19.8707 27.4984 
-8.3511 19.9641 27.4491 
-8.3892 19.9955 27.4295 
-9.4419 20.8531 26.8830 
-9.4873 20.8962 26.8503 
-9.5193 20.9351 26.8295 
-9.9799 21.4431 26.5571 
-10.1443 21.7842 26.4472 
-10.2323 21.9518 26.3988 
-10.4180 22.4579 26.2796 
-10.4757 22.6126 26.2465 
-10.5797 23.0696 26.0875 
-10.6716 23.3781 25.9498 
-10.6764 23.3998 25.9392 
-10.7980 24.1672 25.6559 
-10.8300 24.3853 25.5801 
-10.8340 24.5297 25.5202 
-10.8531 25.0409 25.2987 
-10.8361 25.2946 25.1726 
-10.7714 25.9872 24.8630 
-10.7416 26.4209 24.6486 
-10.6767 26.9233 24.3777 
-10.6116 27.4340 24.1009 
-10.5991 27.5957 23.9995 
-10.5385 28.1116 23.6578 
-10.5083 28.3996 23.4605 
-10.4929 28.4774 23.4011 
-10.4475 28.7708 23.1536 
-10.3817 29.2236 22.7636 
-10.3787 29.2805 22.7050 
-10.3206 29.9030 22.0317 
-10.3070 29.9775 21.9429 
-10.3062 29.9822 21.9372 
-10.3062 29.9835 21.9350 
-10.3146 30.0210 21.8415 
-10.4409 30.4072 20.9887 
-10.4196 30.4275 20.8651 
-10.8202 30.5043 19.6952 
-10.8354 30.5043 19.6525 
-10.8739 30.4692 19.4129 
-10.8823 30.4909 19.0846 
-10.7985 30.4707 18.6353 
-10.7765 30.4752 18.5426 
-10.7414 30.5001 18.4402 
-10.3775 30.5884 17.7992 
-10.3434 30.6034 17.7226 
-10.3065 30.5975 17.6736 
-10.2948 30.5975 17.6468 
-10.2836 30.5990 17.6247 
-9.9029 30.5226 17.0411 
-9.8586 30.5071 16.9822 
-9.6458 30.3650 16.5909 
-9.6400 30.3623 16.5820 
-9.4317 30.2356 16.3141 
-9.3779 30.1468 16.1587 
-9.3715 30.1401 16.1468 
-9.2127 29.9713 15.9244 
-9.1467 29.8463 15.7836 
-9.1408 29.8352 15.7707 
-9.0218 29.5692 15.4660 
-9.0002 29.5157 15.4286 
-8.8192 29.2983 15.2536 
-8.7724 29.2066 15.1871 
-8.7034 29.0731 15.1040 
-8.3867 28.9909 14.8711 
-8.1926 28.8919 14.6777 
-8.0896 28.8773 14.6225 
-7.4384 28.7109 14.3666 
-7.2854 28.6725 14.3071 
-7.2527 28.6702 14.2997 
-6.5993 28.5881 14.1937 
-6.5847 28.5841 14.1938 
-6.5462 28.5766 14.1835 
-6.5333 28.5756 14.1822 
-5.8655 28.3643 14.0135 
-5.7595 28.3218 14.0006 
-5.4876 28.3307 14.0512 
-5.4441 28.3276 14.0649 
-4.8809 28.0348 14.0182 
-4.8190 28.0018 14.0124 
-4.6379 27.9059 13.9945 
-3.8973 27.4046 13.8836 
-3.1258 26.8884 13.7951 
-2.9416 26.7648 13.7738 
-2.8866 26.7281 13.7672 
-2.6315 26.5643 13.7411 
-2.2020 26.2243 13.6494 
-2.1518 26.1815 13.6364 
-1.7635 25.8854 13.5130 
-1.6161 25.7540 13.4490 
-1.5554 25.7189 13.4399 
-1.5117 25.6969 13.4301 
-0.9598 25.3241 13.2082 
-0.8699 25.2771 13.1863 
-0.7107 25.2059 13.1398 
-0.4442 25.0871 13.0624 
-0.3254 25.0386 13.0248 
0.1570 24.8984 12.9407 
0.3850 24.8594 12.9339 
0.5241 24.8413 12.9367 
1.0956 24.7638 12.9512 
1.2657 24.7699 12.9966 
1.3323 24.7777 13.0146 
1.4994 24.7899 13.0712 
1.8527 24.7763 13.1401 
2.0056 24.7941 13.1725 
2.0697 24.7989 13.1944 
2.3334 24.7919 13.2750 
2.3773 24.7865 13.3021 
2.8987 24.9741 13.6613 
2.9071 24.9747 13.6667 
2.9132 24.9748 13.6706 
2.9302 24.9872 13.6832 
3.3972 25.1870 14.0061 
3.4118 25.1993 14.0168 
3.5198 25.2958 14.1261 
3.7113 25.3922 14.3023 
3.8293 25.4526 14.4171 
3.9737 25.4767 14.5466 
3.9956 25.4803 14.5669 
4.2574 25.5607 14.8241 
4.2782 25.5670 14.8453 
4.4919 25.7251 15.0980 
4.6095 25.8058 15.2347 
4.6184 25.8119 15.2447 
4.8476 25.9043 15.4766 
4.9515 25.9529 15.5843 
4.9919 25.9719 15.6255 
5.2002 26.1706 15.8927 
5.3235 26.1971 16.0137 
5.4916 26.2934 16.1678 
5.7456 26.3960 16.3666 
5.8187 26.4527 16.4487 
6.0294 26.4831 16.5837 
6.2617 26.5164 16.6934 
6.3047 26.5230 16.7132 
6.5185 26.5704 16.8275 
7.1144 26.6455 17.0853 
7.1983 26.7059 17.1747 
7.5108 26.9352 17.4995 
7.6434 26.9929 17.5927 
7.7002 27.0162 17.6338 
8.1655 27.2130 18.1102 
8.3000 27.2526 18.2121 
8.5014 27.2770 18.3826 
8.7622 27.3134 18.6168 
8.9160 27.2987 18.7752 
9.1529 27.2772 19.0253 
9.3106 27.2562 19.1574 
9.4742 27.1999 19.3067 
9.7770 27.0970 19.6172 
9.8131 27.0853 19.6659 
10.0329 26.9554 19.9915 
10.1781 26.8710 20.1908 
10.2738 26.7915 20.3317 
10.3683 26.7176 20.4486 
10.3993 26.6815 20.4908 
10.5429 26.5316 20.6437 
10.6925 26.3558 20.8046 
10.8022 26.2155 20.9441 
11.0686 25.7980 21.2937 
11.0818 25.7809 21.3059 
11.0950 25.7651 21.3165 
11.4964 25.3010 21.6134 
11.5558 25.2288 21.6565 
11.9994 24.7395 21.9229 
12.1718 24.4656 22.1450 
12.3629 24.2182 22.2896 
12.3813 24.1868 22.3045 
12.6888 23.6483 22.5810 
12.7154 23.5737 22.6100 
12.7455 23.5307 22.6298 
12.7499 23.5170 22.6344 
12.7596 23.4307 22.6771 
12.7491 22.7374 22.8884 
12.7445 22.7056 22.9021 
12.7424 22.6952 22.9058 
12.5937 21.8865 23.1774 
12.5651 21.7899 23.2195 
12.5477 21.7346 23.2424 
12.3144 21.2220 23.5318 
12.3108 21.2162 23.5337 
12.2870 21.1903 23.5408 
12.0699 20.6802 23.7932 
12.0245 20.5838 23.8425 
11.5715 19.6441 24.3177 
11.5391 19.5887 24.3431 
11.4646 19.4565 24.3988 
11.3976 19.3307 24.4541 
11.2701 19.0946 24.5351 
10.5727 17.9350 24.9095 
10.0626 17.1850 25.2484 
10.0073 17.1060 25.2867 
9.7639 16.7615 25.4525 
9.4191 16.3465 25.7247 
8.9865 15.8922 25.9998 
8.7941 15.7100 26.0953 
8.7801 15.6963 26.1026 
8.7449 15.6604 26.1198 
8.7107 15.6294 26.1400 
8.6506 15.5833 26.1828 
7.3653 14.5666 27.0958 
6.9505 14.3240 27.4361 
6.6106 14.1381 27.6998 
6.1562 13.9419 28.0405 
5.7737 13.8320 28.3534 
5.5845 13.7877 28.4939 
4.5062 13.6662 29.3313 
4.1558 13.6887 29.6285 
3.8278 13.7333 29.8672 
3.3883 13.8284 30.1934 
3.2036 13.9079 30.3535 
2.9583 14.0470 30.4930 
2.5722 14.2685 30.7141 
2.4797 14.3352 30.7373 
2.0722 14.6645 30.8539 
2.0240 14.7004 30.8665 
1.4897 15.1621 30.8530 
1.4231 15.2187 30.8511 
1.4161 15.2250 30.8510 
1.3578 15.2811 30.8396 
0.5648 15.9931 30.6767 
0.5468 16.0082 30.6729 
0.4534 16.0856 30.6548 
-0.0470 16.5081 30.4836 
-0.4625 16.8829 30.3525 
-0.5296 16.9341 30.3308 
-0.5936 16.9827 30.3108 
-1.3385 17.4963 30.0771 
-1.3765 17.5124 30.0649 
-1.6654 17.6318 29.9899 
-2.0827 17.8284 29.8618 
-2.1167 17.8386 29.8517 
-2.3840 17.9195 29.7695 
-2.9228 18.0865 29.6043 
-3.0639 18.1296 29.5644 
-3.9415 18.4015 29.3057 
% end
