% Curve 1: Surface+, Curve; 
% Length=72.8845; NumberOfSegments=217; FullyAttached=Yes; Closed=Yes; 
% Units: mm
% begin
13.4678 16.3519 26.2961 
13.4332 16.3271 26.2842 
12.9088 15.9794 26.0958 
12.8984 15.9723 26.0917 
12.8018 15.9306 26.0407 
12.7238 15.9078 26.0177 
12.2100 15.7603 25.8710 
12.0317 15.7062 25.8216 
11.2564 15.6748 25.9257 
11.1058 15.6747 25.9196 
10.9869 15.6764 25.9703 
10.1037 15.9920 26.2889 
10.0102 16.0436 26.3058 
9.6478 16.2021 26.4138 
9.3744 16.3331 26.5043 
9.3363 16.3432 26.5105 
8.7699 16.4930 26.6018 
8.6124 16.5293 26.6234 
8.5586 16.5413 26.6312 
7.6793 16.7086 26.7369 
7.6674 16.7108 26.7384 
7.6409 16.7163 26.7420 
6.8204 16.8177 26.8094 
6.7940 16.8210 26.8115 
6.4179 16.8871 26.8509 
5.9248 16.9519 26.8905 
5.8432 16.9644 26.8937 
4.9869 17.1556 26.9558 
4.9650 17.1605 26.9575 
3.3562 17.5672 26.9774 
3.2409 17.5954 26.9785 
3.1292 17.6264 26.9715 
1.6044 18.0369 26.8707 
1.5189 18.0741 26.8711 
1.0445 18.3033 26.8316 
0.4390 18.5727 26.7713 
0.2829 18.6543 26.7342 
-0.1076 19.0052 26.7239 
-0.3801 19.3822 26.6773 
-0.5270 19.6289 26.7051 
-0.5556 19.8434 26.7837 
-0.5736 19.9212 26.8249 
-0.5875 20.2843 27.0589 
-0.5831 20.3892 27.1051 
-0.5606 20.5088 27.1697 
-0.5601 20.5278 27.1779 
-0.5786 20.6087 27.2399 
-0.6376 20.8525 27.4309 
-0.6557 20.9184 27.4490 
-0.6774 20.9609 27.4743 
-0.9217 21.3429 27.6660 
-0.9914 21.4606 27.7292 
-1.1795 21.9551 27.8801 
-1.1859 21.9692 27.8837 
-1.2055 21.9894 27.8817 
-1.3163 22.0951 27.8655 
-1.6191 22.3871 27.8176 
-1.6944 22.4568 27.8088 
-2.2581 22.8781 27.5193 
-2.3445 22.9399 27.4772 
-2.3623 22.9540 27.4690 
-2.3779 22.9835 27.4409 
-2.7986 23.3413 27.0943 
-3.1164 23.7088 26.6502 
-3.1456 23.7862 26.5275 
-3.2131 23.9746 26.2376 
-3.2127 23.9837 26.2198 
-3.2119 24.0175 26.1513 
-3.2110 24.0600 26.0646 
-3.2124 24.1849 25.7700 
-3.2213 24.3582 25.3772 
-3.2338 24.7148 24.5614 
-3.2350 24.7337 24.5155 
-3.1502 25.0166 23.6820 
-3.1310 25.0943 23.4105 
-3.1297 25.0958 23.4034 
-3.0869 25.1421 23.1078 
-2.9752 25.2664 22.4795 
-2.9626 25.2788 22.3364 
-2.8996 25.2912 21.9180 
-2.8577 25.3100 21.7322 
-2.8484 25.3117 21.6694 
-2.7332 25.3098 21.0083 
-2.7297 25.3107 20.9952 
-2.7246 25.3025 20.9973 
-2.6265 25.3319 20.3873 
-2.6067 25.3377 20.2643 
-2.5852 25.3458 20.1839 
-2.4294 25.4069 19.6646 
-2.4208 25.4096 19.6367 
-2.1789 25.5050 19.0971 
-2.1333 25.5251 19.0227 
-2.1140 25.5337 18.9923 
-1.7835 25.6935 18.4589 
-1.6704 25.7509 18.3025 
-1.3472 25.8800 17.8826 
-1.1949 25.9443 17.7028 
-1.1879 25.9474 17.6950 
-0.7796 26.0720 17.2742 
-0.6498 26.1185 17.1207 
-0.5375 26.1458 17.0009 
-0.4544 26.1536 16.8674 
0.0331 26.2468 16.3220 
0.1591 26.2704 16.1817 
0.5566 26.1546 15.5194 
0.6750 26.1416 15.3471 
0.7803 26.1270 15.2057 
0.9520 26.0316 14.8914 
1.2235 25.7276 14.4011 
1.2771 25.6745 14.3255 
1.6963 25.2016 13.7336 
1.7369 25.1409 13.6483 
1.7525 25.1220 13.6292 
1.7778 25.1011 13.6010 
2.2409 24.7185 13.0863 
2.3290 24.6977 13.0040 
2.4227 24.6748 12.9401 
2.7277 24.6061 12.7330 
2.8389 24.6144 12.6631 
3.0094 24.6267 12.5583 
3.4182 24.7289 12.3682 
3.5243 24.7658 12.3351 
3.6567 24.8195 12.2686 
4.1524 25.1157 12.1660 
4.1943 25.1410 12.1552 
4.6882 25.3832 12.1255 
4.9277 25.4851 12.0937 
4.9776 25.5122 12.0908 
5.0420 25.5436 12.0969 
5.5086 25.7008 12.0927 
6.0374 25.8377 12.0779 
6.0809 25.8455 12.0741 
6.3634 25.8959 12.0498 
7.2193 25.9723 11.9614 
7.3956 25.9862 11.9458 
8.1519 26.0557 11.9781 
8.8491 26.1829 12.0516 
9.9413 26.3736 12.1812 
10.0119 26.3731 12.1924 
10.0770 26.3896 12.2182 
11.1856 26.6248 12.6167 
11.2694 26.6366 12.6540 
11.7736 26.8729 13.0332 
11.9217 26.9411 13.1583 
12.0370 26.9933 13.2569 
12.5281 27.2263 13.7689 
12.5514 27.2456 13.8024 
12.7500 27.3806 14.1444 
12.9075 27.4601 14.3759 
12.9189 27.4659 14.3925 
13.1550 27.6530 14.8308 
13.2728 27.7264 15.0210 
13.2837 27.7398 15.0480 
13.3154 27.7673 15.1611 
13.5235 27.9116 15.6695 
13.5303 27.9199 15.6943 
13.6625 28.0756 16.2292 
13.7611 28.1497 16.5299 
13.7690 28.1623 16.5696 
13.8080 28.2179 16.8317 
13.9265 28.3795 17.6010 
13.9576 28.4045 17.7404 
14.0069 28.4308 18.0034 
14.1321 28.4916 18.6381 
14.1556 28.4995 18.7375 
14.2726 28.4670 19.3953 
14.3345 28.4198 19.6609 
14.3632 28.4084 19.7224 
14.4340 28.3832 19.8726 
14.6751 28.2701 20.3400 
14.6916 28.2578 20.3744 
15.0462 28.0322 20.8282 
15.1388 27.9714 20.9606 
15.1912 27.9242 21.0415 
15.5702 27.5981 21.5296 
15.6415 27.5328 21.6469 
15.8619 27.2869 22.0389 
16.0126 27.1248 22.2639 
16.0379 27.0915 22.3056 
16.2707 26.7661 22.7573 
16.5269 26.4392 23.1464 
16.6481 26.2870 23.3223 
16.6839 26.2374 23.3757 
17.1294 25.5945 24.0925 
17.3507 25.3022 24.3928 
17.4987 25.0606 24.6014 
17.7155 24.7142 24.8952 
17.7696 24.6247 24.9735 
17.9316 24.1799 25.2445 
17.9757 23.9190 25.3473 
18.0435 23.5930 25.4630 
18.0682 23.3711 25.5632 
18.0681 23.3151 25.5809 
18.0983 22.3928 25.8401 
18.0839 22.1838 25.9205 
18.0321 21.8498 26.0202 
17.9643 21.4865 26.1405 
17.9404 21.4096 26.1560 
17.8211 21.0840 26.2390 
17.7725 20.9841 26.2757 
17.4646 20.4741 26.4041 
17.3888 20.3553 26.4373 
17.2236 20.1215 26.4875 
16.8597 19.7177 26.6347 
16.5665 19.3737 26.7471 
16.3728 19.1688 26.7980 
16.1631 18.9689 26.8625 
16.0362 18.8603 26.8883 
15.5699 18.3757 26.9346 
15.3683 18.1601 26.9512 
15.3273 18.1215 26.9507 
15.2259 17.9680 26.9341 
14.8516 17.5522 26.8475 
14.6015 17.3215 26.7688 
14.2043 16.9194 26.6019 
14.1785 16.8948 26.5928 
13.5937 16.4488 26.3497 
13.4678 16.3519 26.2961 
% end
