% Curve 1: Surface+, Curve; 
% Length=109.238; NumberOfSegments=349; FullyAttached=Yes; Closed=Yes; 
% Units: mm
% begin
16.9302 18.6236 22.8828 
16.8059 18.3852 22.9266 
16.2991 17.3525 23.0692 
16.2183 17.1970 23.0974 
16.1511 17.0581 23.1255 
15.5595 16.1721 23.3700 
15.4911 16.0684 23.3997 
15.4089 15.9547 23.4279 
15.0919 15.6039 23.5799 
14.8277 15.3086 23.7051 
14.8090 15.2889 23.7128 
14.5664 15.0248 23.8075 
14.2881 14.7004 23.9065 
14.2588 14.6661 23.9168 
13.8456 14.2168 24.0265 
13.6706 14.0261 24.0728 
13.6066 13.9689 24.0779 
13.5218 13.8931 24.0847 
13.3534 13.7844 24.1326 
12.5812 13.2910 24.3560 
12.2452 13.1790 24.5373 
12.0521 13.1213 24.6470 
11.8050 13.0720 24.7620 
11.7669 13.0713 24.7885 
11.6851 13.0736 24.8504 
11.2633 13.1054 25.1476 
11.2126 13.1141 25.1901 
11.0249 13.1570 25.3356 
10.7110 13.2440 25.5986 
10.6602 13.2651 25.6501 
10.5326 13.3265 25.7673 
10.0238 13.4741 26.1349 
9.9453 13.4996 26.1870 
9.8080 13.5583 26.2890 
9.2646 13.6954 26.6191 
9.0500 13.7701 26.7654 
8.9248 13.8244 26.8241 
8.8808 13.8472 26.8356 
8.7043 13.9174 26.8725 
8.3596 14.0328 26.9352 
8.2210 14.0784 26.9626 
8.0709 14.1244 26.9906 
8.0006 14.1357 26.9989 
7.3620 14.2429 27.0655 
7.2082 14.2636 27.0928 
7.1458 14.2684 27.0973 
7.1303 14.2687 27.0979 
5.9356 14.2790 27.1631 
5.7568 14.2584 27.1707 
5.7471 14.2576 27.1707 
5.6135 14.2386 27.1648 
5.2783 14.1871 27.1470 
4.5848 14.1019 27.1267 
4.5419 14.0963 27.1253 
3.9213 14.0144 27.1061 
3.7453 13.9791 27.0886 
3.7094 13.9760 27.0891 
3.6532 13.9704 27.0906 
2.8009 13.8739 27.1009 
2.6825 13.8657 27.1082 
2.6554 13.8635 27.1094 
2.5715 13.8553 27.1144 
1.5087 13.6945 27.1378 
1.3602 13.6921 27.1448 
1.3516 13.6910 27.1451 
1.2213 13.6757 27.1491 
0.4881 13.5218 27.1801 
0.2838 13.4783 27.1967 
0.2255 13.4641 27.2033 
0.1637 13.4466 27.2077 
-0.2984 13.2774 27.2020 
-0.4874 13.2045 27.2025 
-0.9611 12.9707 27.1372 
-1.1924 12.8858 27.1434 
-1.3006 12.8380 27.1357 
-1.8545 12.6352 27.0741 
-2.1234 12.5579 27.0830 
-2.1282 12.5566 27.0832 
-2.7020 12.4673 27.0734 
-2.7394 12.4673 27.0702 
-3.4280 12.4764 27.0331 
-3.6979 12.4834 27.0261 
-3.8167 12.4813 27.0118 
-4.2419 12.5242 26.9370 
-4.8810 12.5825 26.8114 
-5.0216 12.5899 26.7722 
-5.2701 12.6344 26.6862 
-6.0095 12.7576 26.4100 
-6.1357 12.7976 26.3531 
-6.8947 13.0272 25.9832 
-6.9448 13.0511 25.9542 
-7.0366 13.0980 25.9125 
-7.5428 13.3565 25.6832 
-7.6855 13.4433 25.6128 
-8.3578 13.8887 25.4209 
-8.4080 13.9230 25.4062 
-8.4619 13.9603 25.3920 
-8.4985 13.9879 25.3919 
-8.7819 14.2039 25.3843 
-8.9825 14.3509 25.3795 
-9.2510 14.5126 25.3785 
-9.3050 14.5463 25.3841 
-9.3320 14.5621 25.3871 
-9.8153 14.8359 25.4389 
-10.0041 14.9546 25.4685 
-10.0113 14.9588 25.4692 
-10.0605 14.9884 25.4738 
-10.5693 15.3077 25.6205 
-10.5942 15.3234 25.6281 
-10.7426 15.4652 25.6725 
-10.8556 15.5795 25.7246 
-10.9963 15.7950 25.7888 
-11.4920 16.5188 25.9552 
-11.5174 16.5560 25.9639 
-11.5309 16.5755 25.9681 
-11.5680 16.6292 25.9797 
-11.9366 17.2455 26.0891 
-11.9689 17.3023 26.0985 
-12.0599 17.4625 26.1246 
-12.2334 17.7373 26.1206 
-12.3309 17.8962 26.1177 
-12.3767 17.9620 26.1003 
-12.4086 18.0012 26.0908 
-12.5874 18.2276 26.0521 
-12.9082 18.6105 25.9329 
-12.9490 18.6599 25.9193 
-13.2673 19.0497 25.8116 
-13.5141 19.3492 25.7207 
-13.5774 19.4330 25.6951 
-13.8986 19.8715 25.6069 
-14.2872 20.3886 25.4573 
-14.2987 20.4047 25.4551 
-14.6966 21.0232 25.3703 
-15.1887 21.7844 25.2511 
-15.3860 22.0988 25.2383 
-15.4384 22.2019 25.2330 
-15.6556 22.6298 25.2148 
-16.1252 23.5442 25.1318 
-16.4939 24.4794 25.0419 
-16.5187 24.5424 25.0359 
-16.8270 25.3214 24.9622 
-16.9159 25.5443 24.9337 
-17.1792 26.5227 24.8051 
-17.2562 26.8099 24.7717 
-17.2596 26.8394 24.7681 
-17.2760 27.0948 24.7105 
-17.4309 28.1612 24.3504 
-17.4410 28.2318 24.3148 
-17.3876 28.7294 24.0598 
-17.3768 28.7570 24.0454 
-16.9413 29.8696 23.3595 
-16.8415 30.0897 23.2106 
-16.8362 30.0995 23.2038 
-16.2344 31.1866 22.3793 
-16.1361 31.3681 22.2551 
-16.0970 31.4186 22.2196 
-15.8128 31.7602 21.9195 
-15.6504 31.9464 21.7330 
-15.2980 32.2140 21.4532 
-14.6591 32.6772 20.9170 
-14.3049 32.8924 20.6594 
-13.8664 33.0612 20.2191 
-13.5379 33.2172 19.9755 
-13.0899 33.3878 19.7108 
-12.8207 33.4788 19.5438 
-12.8162 33.4801 19.5413 
-12.7380 33.5219 19.5090 
-12.5301 33.5265 19.3656 
-12.1434 33.5027 19.2300 
-11.9120 33.4461 19.1338 
-11.8650 33.4332 19.1137 
-11.0735 33.2073 18.8034 
-10.8253 33.1305 18.6949 
-10.8047 33.1255 18.6870 
-10.7615 33.1143 18.6731 
-10.5319 33.0444 18.6027 
-9.5763 32.7104 18.2534 
-9.4491 32.6500 18.2014 
-9.1620 32.5114 18.0899 
-8.4900 32.2336 17.8411 
-8.3971 32.1715 17.8091 
-8.0653 31.9714 17.6574 
-7.7031 31.7556 17.4933 
-7.6732 31.7374 17.4804 
-7.1566 31.4204 17.2557 
-7.0178 31.3232 17.1868 
-6.9893 31.3058 17.1745 
-6.4195 30.9694 16.9157 
-6.4107 30.9645 16.9115 
-6.3177 30.9085 16.8640 
-5.8335 30.5889 16.5939 
-5.8234 30.5823 16.5881 
-5.2837 30.2420 16.2875 
-5.1156 30.1004 16.1606 
-5.0340 30.0431 16.1098 
-4.2858 29.5282 15.6348 
-4.1951 29.4557 15.5652 
-4.1911 29.4524 15.5622 
-3.8007 29.1832 15.3348 
-3.3222 28.8311 15.0317 
-3.2871 28.8057 15.0090 
-3.0610 28.6790 14.9053 
-2.5194 28.2950 14.5644 
-2.4567 28.2635 14.5398 
-1.7922 27.9046 14.2940 
-1.7666 27.8890 14.2819 
-1.5515 27.7606 14.1793 
-1.3892 27.6781 14.1258 
-0.5045 27.2508 13.8253 
-0.4227 27.2078 13.7905 
-0.3716 27.1838 13.7746 
-0.1968 27.1208 13.7149 
0.5369 26.8113 13.4206 
0.5934 26.7845 13.3918 
0.7203 26.7262 13.3260 
1.1880 26.5562 13.0593 
1.2958 26.4704 12.9104 
1.2968 26.4697 12.9094 
1.5798 26.2698 12.6800 
1.7317 26.1301 12.5271 
1.7453 26.1190 12.5119 
1.8901 26.0543 12.3847 
2.1512 25.8144 12.0838 
2.1671 25.8035 12.0681 
2.3930 25.6535 11.8332 
2.5398 25.5381 11.6653 
2.5663 25.5221 11.6214 
2.9705 25.3907 11.3375 
3.0196 25.3616 11.3222 
3.0529 25.3418 11.3118 
3.2105 25.2566 11.1873 
3.2722 25.2373 11.1476 
3.2999 25.2333 11.1327 
3.4658 25.2196 11.0126 
3.7567 25.1643 10.8077 
3.8075 25.1530 10.7753 
4.1988 25.1285 10.5766 
4.2428 25.1269 10.5552 
4.3431 25.1214 10.5090 
4.8701 25.1334 10.3063 
4.8871 25.1349 10.2987 
4.9785 25.1610 10.2487 
5.4067 25.1052 10.0177 
5.4965 25.1088 9.9750 
5.6000 25.1219 9.8937 
5.8073 25.0574 9.7508 
6.1044 24.9653 9.5472 
6.1604 24.9235 9.5059 
6.1784 24.9192 9.4937 
6.2704 24.8987 9.4218 
6.7467 24.6918 9.1031 
6.8067 24.6930 9.0647 
7.0661 24.6967 8.8665 
7.2056 24.6688 8.7461 
7.2613 24.6569 8.7105 
7.4580 24.6775 8.5927 
7.7860 24.6892 8.3936 
7.8629 24.7301 8.3516 
7.9764 24.7954 8.2715 
8.1042 24.8354 8.1764 
8.1176 24.8423 8.1668 
8.4561 25.0048 7.9487 
8.4881 25.0171 7.9124 
8.5073 25.0214 7.8992 
8.5194 25.0268 7.9255 
9.0104 25.2650 7.6284 
9.0173 25.2677 7.6263 
9.3114 25.4550 7.5572 
9.4315 25.5772 7.4404 
9.6083 25.5995 7.3370 
9.8259 25.5808 7.2299 
9.8426 25.5839 7.2198 
10.2712 25.7916 7.1047 
10.5416 25.8455 7.1513 
10.8567 25.8935 7.2744 
11.1373 25.8957 7.3431 
11.1875 25.8979 7.3542 
11.4199 25.9132 7.4146 
11.5811 26.0104 7.6076 
11.6449 25.9312 7.6839 
11.7210 25.8373 7.7750 
11.9240 25.7689 7.8235 
12.0281 25.7385 7.8527 
12.1711 25.6914 7.8980 
12.3664 25.6067 7.9728 
12.8748 25.4158 8.0536 
12.9986 25.3658 8.0786 
13.0955 25.3264 8.0983 
13.7566 25.0655 8.2540 
13.9266 25.0101 8.3236 
14.3288 24.8349 8.5123 
14.3366 24.8313 8.5153 
14.3766 24.8140 8.5347 
14.8626 24.5175 8.7842 
14.9212 24.4841 8.8221 
15.0090 24.4198 8.8863 
15.3873 24.1481 9.1897 
15.4048 24.1318 9.2057 
15.7007 23.8689 9.5651 
15.8473 23.7405 9.7584 
15.8703 23.7219 9.8021 
16.1976 23.4853 10.3918 
16.2643 23.4537 10.4827 
16.2718 23.4493 10.5030 
16.2831 23.4427 10.5343 
16.6008 23.1052 11.6291 
16.6022 23.1036 11.6340 
16.6021 23.0979 11.6440 
16.9110 22.8071 12.8513 
16.9152 22.8028 12.8795 
16.9749 22.7515 13.2511 
17.1843 22.5954 14.0925 
17.1858 22.5944 14.1008 
17.3743 22.5436 14.8665 
17.4392 22.5224 15.1128 
17.4925 22.5162 15.2764 
17.6506 22.5282 15.8469 
17.6616 22.5304 15.8793 
17.7894 22.5795 16.3011 
17.8663 22.6262 16.5885 
17.8821 22.6358 16.6475 
18.1461 22.7998 17.5151 
18.1601 22.8130 17.5684 
18.1674 22.8197 17.5939 
18.2971 22.8946 17.9944 
18.4669 22.9804 18.5036 
18.4827 22.9886 18.5624 
18.5378 22.9935 18.7356 
18.7666 23.0075 19.4456 
18.8348 22.9988 19.6398 
18.9096 22.9701 19.9534 
18.9647 22.9357 20.1570 
18.9656 22.9105 20.2545 
18.9899 22.7592 20.6188 
18.9587 22.6731 20.7808 
18.9189 22.5426 21.0035 
18.8568 22.4465 21.1413 
18.7172 22.1523 21.4637 
18.6739 22.0757 21.5614 
18.4486 21.7667 21.9290 
18.3167 21.4479 22.1212 
18.1388 21.1105 22.3100 
18.0724 20.9451 22.3934 
18.0625 20.9190 22.4014 
17.9539 20.7029 22.4597 
17.5238 19.8468 22.6899 
17.5016 19.7980 22.6978 
17.0294 18.8215 22.8462 
16.9340 18.6309 22.8815 
16.9302 18.6236 22.8828 
% end
