% Curve 1: 491202, Curve; 
% Length=78.9378; NumberOfSegments=251; FullyAttached=Yes; Closed=Yes; 
% Units: mm
% begin
5.3858 26.8274 10.0985 
4.8628 26.5156 10.1898 
4.7848 26.5110 10.2264 
4.3298 26.4687 10.4699 
4.2948 26.4683 10.4768 
4.2578 26.4698 10.4986 
4.2020 26.4552 10.5574 
4.1090 26.4308 10.6554 
3.7448 26.3941 10.8835 
3.6966 26.3902 10.9216 
3.6658 26.3874 10.9469 
3.4258 26.4417 11.1790 
3.4082 26.4460 11.1935 
3.3251 26.4839 11.2592 
3.0930 26.5406 11.4620 
3.0556 26.5495 11.4956 
2.8906 26.6837 11.6985 
2.7462 26.7216 11.8149 
2.7401 26.7240 11.8207 
2.4686 26.8268 12.0576 
2.4251 26.8252 12.1151 
2.4084 26.8298 12.1233 
2.3743 26.8572 12.1085 
2.0351 26.8281 12.2838 
1.9494 26.8386 12.3232 
1.6897 26.8675 12.4140 
1.6204 26.8596 12.4402 
0.9812 26.7799 12.6215 
0.9609 26.7679 12.6428 
0.2817 26.4961 12.7790 
0.1328 26.4446 12.8099 
0.0462 26.4143 12.8295 
-0.5530 26.3090 12.9782 
-0.6417 26.2970 13.0006 
-0.7721 26.2782 13.0411 
-1.2410 26.3460 13.2076 
-1.2886 26.3567 13.2251 
-1.5358 26.4092 13.3460 
-1.7591 26.5291 13.4712 
-2.0551 26.6880 13.6435 
-2.1406 26.7154 13.6871 
-2.1922 26.7522 13.7202 
-2.2012 26.7593 13.7262 
-2.7607 27.1831 14.2314 
-2.7958 27.2098 14.2631 
-2.8291 27.2345 14.2976 
-3.2306 27.5861 14.7173 
-3.2967 27.6969 14.8479 
-3.6006 28.1920 15.3861 
-3.6721 28.2983 15.5063 
-3.6738 28.3019 15.5098 
-3.7718 28.5299 15.7708 
-3.9836 28.9727 16.2957 
-4.2683 29.5768 17.0352 
-4.3316 29.6524 17.1668 
-4.6017 29.9739 17.7524 
-4.6946 30.0643 17.9327 
-4.7132 30.0817 18.0184 
-4.8145 30.0812 18.2499 
-5.1553 30.0371 18.9261 
-5.2134 29.9965 19.1051 
-5.4189 29.9070 19.6812 
-5.6159 29.7807 20.1320 
-5.7264 29.4691 20.8508 
-5.7665 29.3556 21.1144 
-5.6924 28.9793 21.7682 
-5.6660 28.9079 21.9315 
-5.3460 28.4738 22.7368 
-5.2174 28.2558 23.1016 
-5.1719 28.1995 23.1749 
-4.7730 27.8592 23.7863 
-4.7240 27.8188 23.8452 
-4.6084 27.7344 24.0141 
-4.1718 27.4509 24.5125 
-4.0215 27.3528 24.6841 
-3.8983 27.2955 24.8227 
-3.4093 27.0778 25.3263 
-3.3565 27.0112 25.3908 
-3.3345 26.9917 25.4081 
-3.2190 26.8905 25.4993 
-2.9362 26.6553 25.7078 
-2.7688 26.4461 25.7939 
-2.7572 26.4309 25.8005 
-2.4241 26.1440 26.0716 
-2.1819 25.8595 26.2278 
-2.0137 25.6886 26.3146 
-1.8057 25.3999 26.3802 
-1.7699 25.3595 26.3965 
-1.6810 25.2282 26.4686 
-1.5972 25.0039 26.5030 
-1.4066 24.6265 26.5337 
-1.3603 24.5464 26.5071 
-1.3418 24.4817 26.4936 
-1.3399 24.4705 26.4932 
-1.3177 24.3547 26.4902 
-1.2398 23.9832 26.4852 
-1.1869 23.7004 26.4913 
-1.1957 23.5863 26.4625 
-1.1961 23.5099 26.4536 
-1.2081 23.0787 26.4283 
-1.2095 23.0302 26.4254 
-1.2260 22.6349 26.4000 
-1.2211 22.2178 26.3807 
-1.2208 22.1918 26.3794 
-1.1700 21.7960 26.3691 
-1.1750 21.1500 26.3340 
-1.1769 20.9261 26.3226 
-1.0288 19.9608 26.2792 
-0.9991 19.5895 26.2615 
-0.9939 19.5576 26.2601 
-0.9810 19.4743 26.2444 
-0.9219 19.3432 26.2180 
-0.6626 18.6291 26.0769 
-0.6541 18.6048 26.0721 
-0.6045 18.4659 26.0281 
-0.5851 18.4367 26.0184 
-0.0877 17.8491 25.8202 
-0.0136 17.7995 25.8022 
0.3947 17.5403 25.6569 
0.4773 17.4897 25.6282 
0.5584 17.4446 25.5855 
0.9989 17.3248 25.4431 
1.2437 17.2509 25.3281 
1.2951 17.2400 25.3108 
1.3575 17.2341 25.2939 
1.9941 17.1629 25.1412 
2.0379 17.1660 25.1353 
2.0586 17.1679 25.1328 
2.8229 17.2681 24.9899 
2.8561 17.2711 24.9861 
2.9198 17.2896 24.9977 
3.7671 17.5924 24.9400 
3.7815 17.5990 24.9394 
4.7784 18.0816 24.8008 
4.9405 18.1436 24.7412 
5.0189 18.1666 24.7270 
5.1136 18.1945 24.7143 
5.7455 18.2909 24.6317 
6.2919 18.3682 24.5518 
6.3692 18.3645 24.5407 
6.4651 18.3592 24.5349 
7.3084 18.3914 24.4053 
7.3562 18.3861 24.3974 
7.4604 18.3730 24.3890 
7.9991 18.3979 24.3216 
8.0407 18.4001 24.3156 
8.6380 18.3636 24.2087 
8.7058 18.3563 24.1956 
8.7265 18.3575 24.1929 
9.3874 18.2951 24.0750 
9.4299 18.2966 24.0671 
9.9275 18.1924 23.9115 
10.1145 18.1974 23.8758 
10.1991 18.2041 23.8528 
10.6867 18.1346 23.6312 
10.8109 18.1409 23.5944 
11.0056 18.1669 23.5188 
11.3733 18.1784 23.3348 
11.4318 18.1862 23.2991 
11.7952 18.2704 23.1290 
12.1055 18.3193 22.9509 
12.1182 18.3222 22.9428 
12.8791 18.5567 22.5761 
12.9219 18.5692 22.5541 
12.9893 18.5902 22.5185 
13.6466 18.8298 22.1991 
13.7204 18.8488 22.1678 
13.8281 18.8764 22.1222 
13.8597 18.8888 22.1053 
14.4561 19.1133 21.7710 
14.6305 19.1948 21.7021 
15.1683 19.4551 21.4843 
15.2273 19.4825 21.4585 
15.2609 19.5027 21.4514 
15.2862 19.5158 21.4426 
15.7415 19.7830 21.2629 
15.8168 19.8245 21.2349 
16.0958 20.0339 21.1972 
16.3911 20.2144 21.1086 
16.4329 20.2490 21.1066 
17.1508 20.9866 20.9791 
17.3191 21.1472 20.9400 
17.3268 21.1557 20.9392 
17.8402 21.8135 20.8223 
18.4444 22.6016 20.6926 
18.7590 23.0921 20.5688 
19.0432 23.4692 20.4234 
19.1572 23.6604 20.3854 
19.1853 23.8558 20.3031 
19.4241 24.3228 20.0099 
19.4716 24.5106 19.8468 
19.5999 25.0758 19.3809 
19.5974 25.2212 19.2324 
19.6065 25.6190 18.7826 
19.6109 25.9003 18.4701 
19.5336 26.1811 18.0947 
19.4956 26.3437 17.8297 
19.4625 26.3866 17.7437 
19.3286 26.5673 17.4472 
19.2177 26.7130 17.1744 
18.7191 27.1135 16.2773 
18.7104 27.1244 16.2521 
18.1824 27.3938 15.4216 
18.1764 27.3974 15.4130 
18.0138 27.4705 15.2153 
17.6269 27.6317 14.7267 
17.5950 27.6403 14.6934 
17.2512 27.7799 14.4066 
17.0737 27.8303 14.2247 
16.8630 27.8527 14.0500 
16.5395 27.9101 13.8247 
16.4977 27.9090 13.7798 
16.0510 27.8663 13.3300 
15.9265 27.8632 13.2161 
15.8568 27.8479 13.0718 
15.4966 27.7254 12.6454 
15.4497 27.7030 12.5901 
15.4293 27.6941 12.5650 
15.1881 27.5254 12.1725 
15.1775 27.5218 12.1610 
14.8395 27.3855 11.8227 
14.8373 27.3844 11.8203 
14.8188 27.3747 11.8000 
14.5019 27.2870 11.5310 
14.4322 27.2809 11.4851 
14.0706 27.2373 11.2637 
13.8982 27.2225 11.1636 
13.8599 27.2182 11.1429 
13.2871 27.1932 10.8673 
13.1737 27.2060 10.8283 
12.1578 27.2804 10.5282 
11.7796 27.2848 10.3932 
11.6888 27.2798 10.3668 
10.7008 27.3113 10.1592 
10.6850 27.3091 10.1582 
10.2540 27.3091 10.0564 
9.7643 27.2845 9.9714 
9.4133 27.2736 9.9161 
9.1453 27.2722 9.8796 
8.3518 27.2203 9.8307 
8.3327 27.2214 9.8267 
8.0709 27.1940 9.7986 
8.0225 27.1941 9.7986 
7.9811 27.1906 9.8015 
6.9483 27.0586 9.8281 
6.8423 27.0564 9.8429 
6.5399 27.0366 9.9005 
6.0583 26.9598 9.9574 
5.9995 26.9512 9.9650 
5.4251 26.8322 10.0949 
5.3974 26.8275 10.0994 
5.3858 26.8274 10.0985 
% end
