% Curve 1: 491381, Curve; 
% Length=66.7027; NumberOfSegments=237; FullyAttached=Yes; Closed=Yes; 
% Units: mm
% begin
-1.3207 27.7324 18.8882 
-1.3155 27.7491 18.8725 
-1.2514 28.1854 18.5461 
-1.2317 28.2132 18.5281 
-1.2282 28.2250 18.5161 
-1.2204 28.2653 18.4501 
-0.9767 28.6916 17.8604 
-0.9741 28.6967 17.8534 
-0.7725 29.0576 17.3969 
-0.5769 29.2924 16.9991 
-0.5469 29.3422 16.9325 
-0.4666 29.5092 16.6934 
-0.4141 29.6343 16.5316 
-0.3853 29.6960 16.4536 
-0.3180 29.7946 16.1674 
-0.2856 29.8773 16.0412 
-0.2756 29.9639 15.9080 
-0.2421 30.1879 15.3441 
-0.2305 30.2622 15.1443 
-0.2427 30.3123 15.0156 
-0.2655 30.4168 14.7710 
-0.2876 30.4974 14.5411 
-0.4292 30.7395 13.8600 
-0.4777 30.8223 13.6811 
-0.4820 30.8259 13.6732 
-0.5745 30.8743 13.5685 
-0.7831 30.9777 13.0193 
-0.7858 30.9839 12.9842 
-0.8419 30.9753 12.8546 
-0.9243 30.8997 12.5274 
-0.9392 30.8897 12.4422 
-0.9155 30.8032 12.1782 
-0.9138 30.7973 12.1607 
-0.9512 30.5328 11.6750 
-0.9819 30.4740 11.5585 
-0.9935 30.4535 11.5205 
-1.1750 30.1535 10.9440 
-1.1952 30.1400 10.8968 
-1.2014 30.1361 10.8853 
-1.4209 29.9642 10.4667 
-1.5186 29.9141 10.2914 
-1.5690 29.9160 10.2127 
-1.6638 29.9197 10.0626 
-2.1131 29.9380 9.3428 
-2.1262 29.9382 9.3304 
-2.5531 29.9425 8.7497 
-2.5963 29.9430 8.7070 
-2.7110 29.9482 8.5932 
-2.9345 30.0063 8.3696 
-3.1137 30.0451 8.2692 
-3.1586 30.0543 8.2441 
-3.4881 30.1142 8.1512 
-3.6834 30.1859 8.0971 
-3.9037 30.3271 8.0377 
-3.9493 30.3552 8.0314 
-4.3933 30.5738 7.9637 
-4.4416 30.5962 7.9616 
-4.7245 30.7086 7.9430 
-5.1317 30.8101 7.8965 
-5.2704 30.8375 7.8783 
-5.3706 30.8558 7.8680 
-5.9117 30.9696 7.8192 
-5.9229 30.9715 7.8191 
-6.5132 31.1103 7.8348 
-6.5467 31.1202 7.8367 
-6.6244 31.1392 7.8494 
-6.8179 31.2459 7.9076 
-7.1489 31.4027 7.9956 
-7.2530 31.4484 8.0329 
-7.4677 31.6036 8.1346 
-7.8254 31.9355 8.3339 
-7.8714 31.9778 8.3594 
-8.1430 32.2215 8.5474 
-8.3129 32.4161 8.6817 
-8.3565 32.4665 8.7225 
-8.7058 32.7729 9.0166 
-8.7689 32.8880 9.0899 
-8.8834 33.0986 9.2264 
-9.1864 33.3480 9.5189 
-9.2591 33.4027 9.5879 
-9.3243 33.4548 9.6611 
-9.4386 33.5425 9.7890 
-9.5909 33.6074 9.9553 
-9.7924 33.7133 10.2606 
-9.9795 33.7802 10.5418 
-10.0214 33.8133 10.6061 
-10.3860 34.1320 11.2600 
-10.4240 34.1627 11.3277 
-10.4366 34.1786 11.3511 
-10.5055 34.2441 11.4356 
-10.9175 34.5189 12.1729 
-11.1969 34.7140 12.6960 
-11.3104 34.8062 12.9246 
-11.3503 34.8321 13.0347 
-11.3745 34.8365 13.0876 
-11.3934 34.8410 13.1372 
-11.8789 35.0884 14.3788 
-11.9001 35.0928 14.4346 
-11.9161 35.0965 14.4826 
-12.2476 35.0826 15.4923 
-12.3036 35.0649 15.6648 
-12.3313 35.0509 15.8185 
-12.4658 35.0118 16.5609 
-12.4857 34.9750 16.6742 
-12.4900 34.9275 16.8227 
-12.5021 34.8472 17.2925 
-12.4900 34.8209 17.4406 
-12.4457 34.6525 18.0223 
-12.4320 34.5968 18.2039 
-12.4273 34.5723 18.2692 
-12.2954 34.3429 18.8633 
-12.1904 34.1701 19.2373 
-12.1747 34.1285 19.3066 
-12.1423 34.0490 19.4367 
-11.8889 33.5212 20.3900 
-11.8171 33.2982 20.7097 
-11.7643 33.1660 20.8878 
-11.5243 32.7032 21.5921 
-11.3944 32.3219 22.0469 
-11.3570 32.1863 22.2316 
-11.3243 32.0838 22.3603 
-11.1060 31.4653 23.1506 
-11.0613 31.3135 23.3476 
-11.0512 31.2913 23.3691 
-10.9984 31.1647 23.4415 
-10.8900 30.5999 23.9194 
-10.8893 30.5969 23.9216 
-10.8545 30.4427 24.0335 
-10.8381 30.1373 24.2220 
-10.8176 30.0196 24.2680 
-10.6643 29.5679 24.4866 
-10.6360 29.4535 24.5360 
-10.6276 29.4164 24.5543 
-10.5674 29.3287 24.6334 
-10.5437 28.9564 24.7634 
-10.5314 28.8976 24.7776 
-10.4974 28.6928 24.8123 
-10.4894 28.4537 24.8001 
-10.4845 28.3992 24.8026 
-10.3803 27.9932 24.7901 
-10.3650 27.9681 24.7622 
-10.3641 27.9338 24.7550 
-10.4062 27.5431 24.6316 
-10.4087 27.4482 24.5920 
-10.2484 27.0541 24.6311 
-10.2236 26.8505 24.6019 
-10.2200 26.8305 24.5984 
-10.1474 26.4831 24.5500 
-10.1076 26.0884 24.4403 
-10.0955 26.0123 24.4249 
-10.0627 25.7459 24.3820 
-10.0379 25.3405 24.2915 
-10.0332 25.1299 24.2523 
-10.0277 24.6688 24.1612 
-10.0295 24.6289 24.1556 
-9.9721 24.2177 24.1693 
-9.9671 24.1078 24.1632 
-9.9674 24.0757 24.1599 
-9.9841 23.7133 24.1390 
-9.9872 23.4223 24.1314 
-9.9879 23.4124 24.1306 
-10.0400 22.9575 24.1106 
-10.0461 22.9146 24.1100 
-10.0674 22.6126 24.1275 
-10.0759 22.3541 24.1520 
-10.1199 21.7509 24.2324 
-10.1215 21.7243 24.2357 
-10.1228 21.7094 24.2371 
-10.1103 21.6580 24.2445 
-10.0743 20.8053 24.4439 
-10.0562 20.4034 24.5714 
-10.0456 20.3068 24.5969 
-9.9374 19.8116 24.8001 
-9.8351 19.4255 24.9828 
-9.8294 19.4104 24.9887 
-9.6661 19.0176 25.1577 
-9.6248 18.9441 25.2027 
-9.3970 18.6760 25.3093 
-9.1053 18.4192 25.4806 
-8.6877 18.1777 25.5785 
-8.2517 18.0420 25.5449 
-8.1224 18.0033 25.5258 
-8.0952 17.9982 25.5284 
-8.0094 17.9813 25.5472 
-7.8337 17.9473 25.5716 
-7.4144 17.9427 25.5328 
-7.0794 17.9326 25.4885 
-6.8868 17.9615 25.3931 
-6.6881 18.0319 25.2131 
-6.3595 18.1892 24.9390 
-6.2315 18.2458 24.8406 
-6.1343 18.2853 24.7645 
-6.0898 18.3173 24.7350 
-5.5919 18.7255 24.3131 
-5.5716 18.7423 24.2955 
-5.4707 18.8223 24.2312 
-5.2622 19.1433 24.0671 
-4.9823 19.5127 23.8439 
-4.9251 19.6452 23.8125 
-4.8641 19.7781 23.7840 
-4.6709 20.2306 23.6950 
-4.6553 20.2648 23.6929 
-4.3736 20.9029 23.6351 
-4.3736 20.9178 23.6226 
-4.3628 20.9487 23.6164 
-3.9595 21.9658 23.3795 
-3.9119 22.2028 23.3555 
-3.8395 22.5475 23.3242 
-3.7895 22.6930 23.2937 
-3.7642 22.9049 23.2035 
-3.4936 23.3754 22.9541 
-3.4625 23.4465 22.9186 
-3.1895 24.0699 22.6088 
-3.1430 24.1535 22.5488 
-3.1174 24.1982 22.5211 
-3.0481 24.3372 22.4396 
-2.8297 24.7046 22.2086 
-2.8135 24.7334 22.1865 
-2.6846 24.9579 22.0128 
-2.5722 25.1347 21.8701 
-2.5552 25.1626 21.8432 
-2.3365 25.3869 21.5707 
-2.2681 25.4608 21.4563 
-1.9424 26.0606 20.8049 
-1.9426 26.0667 20.7860 
-1.9104 26.1082 20.7152 
-1.8897 26.1455 20.6725 
-1.8836 26.1575 20.6592 
-1.7189 26.5101 20.2465 
-1.6612 26.6149 20.1362 
-1.6427 26.6485 20.1009 
-1.6249 26.6808 20.0669 
-1.4681 26.9957 19.6482 
-1.4520 27.0301 19.5993 
-1.4259 27.3159 19.3344 
-1.3927 27.4404 19.1901 
-1.3879 27.4564 19.1724 
-1.3207 27.7324 18.8882 
% end
