% Curve 1: 491709, Curve; 
% Length=128.473; NumberOfSegments=410; FullyAttached=Yes; Closed=Yes; 
% Units: mm
% begin
14.5341 9.8045 26.5287 
14.5322 9.7951 26.5342 
14.4686 9.4753 26.7190 
14.3519 9.0442 26.9493 
14.3505 9.0383 26.9526 
14.3448 9.0113 26.9681 
14.2202 8.1807 27.2898 
14.2171 8.1207 27.3301 
14.2107 8.0962 27.3453 
14.1947 7.9509 27.3689 
14.0595 6.8412 27.5885 
14.0525 6.7766 27.5987 
14.0428 6.6827 27.6138 
13.9422 5.9724 27.7922 
13.9351 5.9364 27.8004 
13.8290 5.5239 27.9532 
13.8170 5.5045 27.9573 
13.7277 5.1221 28.0623 
13.7078 5.0155 28.1178 
13.7074 5.0142 28.1184 
13.6639 4.8688 28.1851 
13.4799 4.2745 28.4758 
13.4528 4.2098 28.5059 
13.3968 4.0929 28.5819 
13.2726 3.8928 28.7994 
13.1264 3.7219 28.9861 
13.0748 3.6906 29.0208 
13.0033 3.6558 29.0567 
12.8646 3.6227 29.2836 
12.8545 3.6175 29.3061 
12.5791 3.5565 29.5799 
12.4718 3.5375 29.6667 
12.1942 3.7318 29.8980 
12.0453 3.8751 30.0232 
11.9960 3.9050 30.0360 
11.8512 3.9935 30.0731 
11.6002 4.0867 30.1711 
11.5133 4.1144 30.1994 
11.0281 4.2157 30.3118 
10.9356 4.2128 30.3401 
10.8648 4.2085 30.3594 
10.4792 4.1949 30.4548 
10.4123 4.1853 30.4639 
10.1883 4.0694 30.5631 
9.8858 3.9363 30.5739 
9.8731 3.9322 30.5736 
9.6439 3.8487 30.5511 
9.5426 3.7904 30.5494 
9.5359 3.7864 30.5492 
9.2722 3.5973 30.5500 
9.1007 3.4526 30.5575 
9.0802 3.4358 30.5593 
8.6201 3.2443 30.5280 
8.1376 2.9942 30.5141 
7.9878 2.9061 30.5139 
7.6358 2.7041 30.5222 
7.0533 2.3997 30.5230 
6.8467 2.3091 30.5158 
6.5839 2.1958 30.5102 
6.1378 2.0648 30.4649 
6.1231 2.0639 30.4716 
5.5741 1.8046 30.4631 
5.5380 1.7914 30.4611 
5.1359 1.6236 30.4148 
5.1331 1.6224 30.4146 
4.6045 1.3638 30.3506 
4.3141 1.1873 30.3371 
4.1995 1.1074 30.3381 
3.9373 0.9178 30.3320 
3.1728 0.3849 30.3047 
2.8619 0.1531 30.3009 
2.8496 0.1439 30.3007 
2.6367 0.0037 30.2900 
2.3652 -0.1360 30.2626 
2.3334 -0.1590 30.2617 
2.2141 -0.2442 30.2604 
2.0984 -0.3647 30.2732 
2.0809 -0.3764 30.2727 
1.7127 -0.6231 30.2654 
1.6711 -0.6468 30.2627 
1.6303 -0.6703 30.2598 
0.8651 -1.1977 30.2368 
0.8170 -1.2235 30.2327 
0.7705 -1.2487 30.2281 
-0.0982 -1.7673 30.1559 
-0.1221 -1.7806 30.1537 
-0.1336 -1.7871 30.1523 
-0.8312 -2.2393 30.0748 
-0.8677 -2.2557 30.0697 
-0.9204 -2.2793 30.0614 
-1.5626 -2.8192 29.9289 
-1.7760 -2.9169 29.8950 
-1.8562 -2.9534 29.8815 
-2.4788 -3.3494 29.7277 
-2.7376 -3.4809 29.6781 
-2.7536 -3.4883 29.6738 
-3.1143 -3.6212 29.6032 
-3.2919 -3.7144 29.5493 
-3.4836 -3.7989 29.4735 
-3.7951 -3.9253 29.3605 
-3.9232 -3.9722 29.3189 
-4.4123 -4.1193 29.1275 
-4.8868 -4.2992 28.8985 
-5.1830 -4.4110 28.7561 
-5.4719 -4.4766 28.5842 
-5.5825 -4.5117 28.5023 
-5.7627 -4.5332 28.3433 
-6.3135 -4.5946 27.8679 
-6.5398 -4.6190 27.6742 
-6.7336 -4.6192 27.4951 
-7.6036 -4.5610 26.7219 
-7.6478 -4.5478 26.6891 
-7.6795 -4.5378 26.6655 
-8.1250 -4.3871 26.4530 
-8.2778 -4.2442 26.3528 
-8.3237 -4.1584 26.3098 
-8.3652 -4.0883 26.3009 
-8.8609 -3.2787 26.2944 
-8.9502 -3.0889 26.2954 
-9.2571 -2.4379 26.3028 
-9.4839 -1.9620 26.3345 
-9.8092 -1.1042 26.3936 
-9.9012 -0.8594 26.3944 
-10.1014 -0.2005 26.3981 
-10.2580 0.3126 26.4270 
-10.3117 0.4890 26.4369 
-10.6132 1.4787 26.5309 
-10.6234 1.5254 26.5351 
-10.7818 2.2455 26.5556 
-10.7825 2.2500 26.5557 
-11.0178 4.0182 26.6500 
-11.0310 4.1173 26.6552 
-11.0507 4.2665 26.6671 
-11.0549 4.3035 26.6700 
-11.1916 5.4510 26.7093 
-11.1936 5.4654 26.7098 
-11.2075 5.5776 26.7215 
-11.2484 5.8653 26.7262 
-11.3321 6.5221 26.7839 
-11.3427 6.5645 26.7889 
-11.4309 6.8865 26.7953 
-11.4437 6.9159 26.7971 
-11.6928 7.4998 26.8465 
-11.7214 7.5693 26.8558 
-11.8204 7.7752 26.8879 
-12.1628 8.5786 26.9770 
-12.2812 8.8689 26.9515 
-12.2966 8.8980 26.9500 
-12.3549 8.9980 26.9518 
-12.7687 9.6128 26.9277 
-12.7743 9.6216 26.9276 
-13.0471 10.0883 26.8966 
-13.0809 10.0899 26.9025 
-13.0826 10.0927 26.9024 
-13.1132 10.1841 26.8924 
-13.3193 10.5335 26.8212 
-13.3287 10.5503 26.8171 
-13.4550 10.7721 26.7704 
-13.6160 11.0280 26.6948 
-13.6710 11.1011 26.6454 
-13.6984 11.1344 26.6236 
-13.7892 11.3066 26.5831 
-13.9567 11.6016 26.4968 
-13.9822 11.6665 26.4939 
-14.1846 12.2291 26.4554 
-14.2048 12.2555 26.4586 
-14.2155 12.2802 26.4515 
-14.2162 12.3500 26.4476 
-14.3293 12.7746 26.4199 
-14.4025 13.0252 26.4071 
-14.4765 13.1919 26.3634 
-14.4802 13.2037 26.3625 
-14.5707 13.5017 26.3393 
-14.6584 13.8269 26.3271 
-14.6604 13.8344 26.3269 
-14.7354 14.2136 26.2905 
-14.7435 14.2384 26.2540 
-14.7581 14.2617 26.2432 
-14.9688 14.5755 26.1596 
-15.0063 14.6440 26.1439 
-15.2093 15.0231 26.0425 
-15.3052 15.1815 25.9948 
-15.3301 15.2002 25.9827 
-15.3739 15.2398 25.9460 
-15.4562 15.4097 25.9011 
-15.4762 15.4310 25.9049 
-15.7832 15.8792 25.7397 
-15.8084 15.9613 25.7283 
-15.9131 16.3372 25.6562 
-15.9732 16.4632 25.6115 
-15.9768 16.4734 25.6089 
-16.1013 16.7710 25.5463 
-16.1060 16.7811 25.5446 
-16.2288 17.1413 25.4976 
-16.2566 17.1819 25.5043 
-16.3811 17.4022 25.4619 
-16.3990 17.4682 25.4502 
-16.4027 17.4820 25.4476 
-16.4903 18.0296 25.3950 
-16.4913 18.0450 25.3907 
-16.5155 18.1566 25.3743 
-16.5256 18.2020 25.3678 
-16.5404 18.2622 25.3693 
-16.6781 18.7133 25.2754 
-16.7095 18.9876 25.2466 
-16.7216 19.2449 25.1970 
-16.7255 19.3105 25.1837 
-16.7232 19.4713 25.1360 
-16.8182 20.0395 24.9053 
-16.8443 20.2233 24.8334 
-16.8575 20.3246 24.7901 
-16.9582 21.4845 24.3180 
-16.9609 21.5083 24.3080 
-16.9544 21.5434 24.2667 
-16.9530 21.5469 24.2637 
-16.9020 22.4321 23.9598 
-16.8977 22.4845 23.9400 
-16.7326 23.2312 23.7588 
-16.7032 23.3733 23.7049 
-16.6716 23.5668 23.6411 
-16.5714 23.9094 23.5718 
-16.2308 24.8889 23.4274 
-16.1595 25.0592 23.3915 
-15.7941 25.9211 23.2146 
-15.7162 26.0960 23.1825 
-15.2372 26.9029 22.9312 
-15.0664 27.1580 22.8727 
-14.9997 27.2294 22.8443 
-14.3888 27.9061 22.5499 
-14.2220 28.0244 22.4598 
-13.6226 28.4510 22.1319 
-13.5656 28.4917 22.1004 
-12.8117 28.8130 21.6551 
-12.3255 29.0191 21.3717 
-12.2461 29.0378 21.3233 
-10.3323 29.4820 20.1909 
-9.9942 29.5098 19.9833 
-9.1080 29.5808 19.4540 
-8.6936 29.6193 19.1649 
-8.5042 29.6371 19.0312 
-8.2961 29.6125 18.8799 
-7.0894 29.5113 18.1047 
-6.7690 29.4279 17.9006 
-5.9988 29.2190 17.4173 
-5.7791 29.1676 17.3161 
-5.6016 29.1039 17.2388 
-4.8007 28.7740 16.7755 
-4.7838 28.7681 16.7686 
-4.2635 28.5305 16.5772 
-4.1995 28.5016 16.5544 
-3.7508 28.2539 16.4098 
-3.7370 28.2457 16.4042 
-3.6408 28.1850 16.3664 
-3.3081 27.7140 16.0232 
-3.1955 27.6288 15.9561 
-2.9685 27.4228 15.8571 
-2.2360 27.0863 15.6563 
-2.0245 27.0307 15.6098 
-1.9528 27.0102 15.5963 
-1.5178 26.7822 15.4356 
-1.4969 26.7802 15.4167 
-1.2243 26.5998 15.2690 
-1.2026 26.5866 15.2565 
-0.6121 26.3614 15.0996 
-0.5725 26.3412 15.0857 
-0.4750 26.2719 15.0614 
-0.1206 26.0551 14.9047 
-0.0287 26.0460 14.8742 
0.6981 25.8684 14.6814 
0.7455 25.8721 14.6692 
0.7865 25.8705 14.6670 
0.7965 25.8703 14.6663 
1.5901 25.8166 14.5520 
1.6360 25.8175 14.5512 
1.7242 25.8244 14.5463 
2.2259 25.8675 14.5241 
2.2929 25.8810 14.5163 
2.7161 25.9780 14.4852 
2.7795 25.9967 14.4779 
3.4918 26.2109 14.4018 
3.5783 26.2332 14.3864 
3.5977 26.2377 14.3821 
3.6694 26.2536 14.3665 
4.6975 26.4589 14.1025 
4.7163 26.4611 14.0987 
5.2844 26.5387 14.0012 
5.5996 26.5911 13.9611 
5.8663 26.6145 13.9413 
6.9612 26.7768 13.9679 
7.0913 26.7932 13.9664 
7.1019 26.7952 13.9674 
7.2524 26.7991 13.9950 
8.2757 26.8522 14.0638 
8.3806 26.8494 14.0765 
8.7392 26.8617 14.1505 
9.2357 26.8685 14.2386 
9.2453 26.8681 14.2407 
9.6818 26.8708 14.3640 
10.0324 26.8879 14.4832 
10.3501 26.8958 14.5974 
10.6179 26.8797 14.6564 
10.7005 26.8817 14.6859 
11.4571 26.8872 14.9634 
11.6677 26.8818 15.0294 
11.7181 26.8814 15.0466 
11.7208 26.8814 15.0475 
11.7905 26.8905 15.0831 
12.9692 26.8947 15.4367 
13.2368 26.8934 15.5134 
13.3048 26.8936 15.5337 
13.5762 26.9023 15.6106 
14.2540 26.9366 15.8269 
14.4937 26.9527 15.9108 
14.5172 26.9539 15.9184 
14.7727 26.9744 15.9961 
15.3084 26.9912 16.1234 
15.3182 26.9915 16.1257 
15.4844 26.9977 16.1637 
15.8478 27.0471 16.2832 
16.0909 27.0808 16.3625 
16.3760 27.1563 16.4881 
16.9585 27.3780 16.8061 
17.0794 27.4385 16.8853 
17.4268 27.5792 17.1603 
17.6546 27.6761 17.3454 
17.8734 27.7289 17.5838 
18.1904 27.7655 17.8785 
18.2196 27.7618 17.9172 
18.5346 27.7117 18.3196 
18.6981 27.6710 18.5076 
18.7834 27.6345 18.5844 
18.9390 27.5029 18.8076 
19.0881 27.4120 19.0830 
19.1437 27.3824 19.1932 
19.3029 27.2058 19.6898 
19.3868 27.1231 19.8719 
19.3927 27.1179 19.8966 
19.4076 27.0345 20.1303 
19.4405 26.8896 20.4968 
19.4415 26.8798 20.5197 
19.3732 26.8225 20.9536 
19.3371 26.7520 21.2276 
19.3368 26.7517 21.2290 
19.3149 26.7298 21.3037 
19.0693 26.5988 21.9333 
18.9909 26.5580 22.1391 
18.9878 26.5560 22.1480 
18.9893 26.5462 22.1632 
19.0617 26.0803 22.8931 
19.1435 25.9554 22.9842 
19.3066 25.5483 23.2024 
19.4326 25.1941 23.4220 
19.4898 24.8647 23.5827 
19.5371 24.6620 23.6591 
19.5529 24.4998 23.7069 
19.5443 23.9971 23.8847 
19.5434 23.8916 23.9247 
19.4718 23.4750 24.0487 
19.4205 23.1757 24.1376 
19.4136 23.1487 24.1502 
19.2024 22.6494 24.3478 
19.0974 22.3781 24.4402 
19.0958 22.3752 24.4408 
19.0404 22.2469 24.4531 
18.8210 21.8176 24.5295 
18.7455 21.6949 24.5403 
18.2394 20.9418 24.6379 
18.2242 20.9140 24.6389 
18.2147 20.9008 24.6411 
18.2099 20.8944 24.6420 
18.0752 20.7110 24.6638 
18.0638 20.6973 24.6640 
17.6171 20.0554 24.7352 
17.5947 20.0212 24.7376 
17.5583 19.9586 24.7451 
17.3559 19.6815 24.8273 
17.3239 19.6398 24.8389 
17.2042 19.4408 24.9023 
17.1887 19.4112 24.9076 
17.1758 19.3819 24.9100 
17.1626 19.3064 24.9324 
17.0413 18.7940 25.0284 
17.0245 18.6666 25.0340 
16.9859 18.4654 25.0380 
16.9169 18.0551 25.0253 
16.8906 17.9014 25.0203 
16.7189 16.9590 25.0151 
16.6603 16.7225 25.0503 
16.6447 16.6651 25.0584 
16.5361 16.1880 25.0594 
16.2695 15.0354 25.0757 
16.2191 14.8446 25.0979 
15.9805 14.0695 25.1800 
15.9164 13.8592 25.2001 
15.8913 13.7903 25.2213 
15.8725 13.7418 25.2361 
15.5542 12.9208 25.4867 
15.5512 12.9092 25.4905 
15.5454 12.8866 25.4979 
15.2086 12.1429 25.7270 
15.1595 12.0806 25.7651 
15.0039 11.8112 25.9415 
14.9059 11.6253 26.0404 
14.8486 11.5060 26.1048 
14.8007 11.3830 26.1461 
14.7828 11.3229 26.1537 
14.7132 10.8945 26.2356 
14.6884 10.7178 26.2586 
14.6809 10.6784 26.2693 
14.6800 10.6739 26.2706 
14.5341 9.8045 26.5287 
% end
