% Curve 1: 491950, Curve; 
% Length=111.868; NumberOfSegments=300; FullyAttached=Yes; Closed=Yes; 
% Units: mm
% begin
-11.8404 11.7527 29.7000 
-12.1390 12.1074 29.6695 
-12.4712 12.8090 29.6668 
-12.4845 12.9224 29.6754 
-12.5049 13.0893 29.6912 
-12.5238 13.2576 29.7013 
-12.5623 13.6635 29.7005 
-12.4742 14.2264 29.7467 
-12.3892 14.5895 29.7413 
-12.3151 14.9907 29.7107 
-12.0954 16.1485 29.6316 
-12.0719 16.2387 29.6269 
-11.7672 17.3768 29.5318 
-11.4555 18.5514 29.4449 
-11.4389 18.5990 29.4422 
-11.1229 19.4553 29.3025 
-10.9719 19.8716 29.2485 
-10.9146 20.0016 29.1784 
-10.8036 20.4044 28.9644 
-10.7689 20.5244 28.8824 
-10.6946 20.7483 28.6263 
-10.5653 21.1526 28.1642 
-10.5293 21.2134 28.0994 
-10.4967 21.2709 28.0292 
-10.4808 21.3108 27.9721 
-10.4198 21.8352 27.2902 
-10.4152 21.9357 27.1627 
-10.3600 22.5277 26.5719 
-10.3594 22.5571 26.5436 
-10.3590 22.8552 26.2351 
-10.3288 23.4506 25.7204 
-10.3254 23.5116 25.6687 
-10.3492 23.9824 25.3015 
-10.3534 24.1461 25.2169 
-10.3617 24.2738 25.1548 
-10.4273 24.8475 24.8372 
-10.4230 24.9194 24.8146 
-10.3944 26.0676 24.4914 
-10.3924 26.2138 24.4482 
-10.3901 26.2365 24.4440 
-10.3817 26.3403 24.4273 
-10.2698 27.9146 24.1550 
-10.2589 27.9740 24.1389 
-10.1978 28.2967 24.0530 
-10.1599 28.8322 23.8468 
-10.1416 28.9945 23.7751 
-10.1817 29.2408 23.6035 
-10.2106 29.3368 23.5243 
-10.2830 29.7323 23.1183 
-10.4290 29.9858 22.6949 
-10.4305 29.9892 22.6899 
-10.4585 30.6120 21.5542 
-10.4681 30.7270 21.3228 
-10.4808 30.7752 21.1829 
-10.5045 30.8172 20.9985 
-10.4385 30.9309 20.2897 
-10.4201 30.8952 20.1312 
-10.3776 30.7825 19.5914 
-10.3718 30.7494 19.4749 
-10.3714 30.7326 19.4319 
-10.3497 30.6909 19.3475 
-10.2194 30.3532 18.7698 
-10.2076 30.3216 18.7166 
-10.0920 30.0598 18.3021 
-10.0475 29.9897 18.1639 
-9.9046 29.8123 17.8542 
-9.8472 29.7160 17.7200 
-9.6962 29.5032 17.4471 
-9.5599 29.2336 17.1759 
-9.5410 29.2050 17.1410 
-9.3401 28.9168 16.8051 
-9.1559 28.5763 16.4762 
-9.1395 28.5492 16.4515 
-8.9671 28.3638 16.2152 
-8.8877 28.2278 16.0945 
-8.8643 28.1923 16.0677 
-8.6942 27.9146 15.8686 
-8.6630 27.8696 15.8420 
-8.3644 27.5413 15.5970 
-8.3324 27.5062 15.5708 
-8.2245 27.3961 15.5018 
-7.9190 27.1018 15.3075 
-7.8829 27.0677 15.2846 
-7.6820 26.8846 15.1766 
-7.3059 26.6685 14.9703 
-7.1372 26.5653 14.8884 
-7.1128 26.5512 14.8754 
-6.7656 26.3527 14.7032 
-6.6792 26.3182 14.6613 
-6.4477 26.2259 14.5523 
-6.3143 26.1604 14.4876 
-6.3088 26.1584 14.4850 
-5.9010 26.0138 14.3088 
-5.8888 26.0095 14.3036 
-5.6696 25.9492 14.2125 
-5.3450 25.8294 14.0728 
-5.3061 25.8201 14.0568 
-5.0058 25.7486 13.9233 
-4.7426 25.6446 13.7987 
-4.7186 25.6351 13.7868 
-4.2639 25.5680 13.5955 
-4.2486 25.5658 13.5888 
-4.1754 25.5598 13.5580 
-3.8363 25.4682 13.4015 
-3.8339 25.4675 13.4002 
-3.4886 25.3836 13.2218 
-3.4111 25.3542 13.1677 
-3.3872 25.3449 13.1541 
-3.2830 25.3383 13.1000 
-2.9131 25.2435 12.8970 
-2.9064 25.2417 12.8926 
-2.5944 25.2140 12.6910 
-2.4695 25.1931 12.6095 
-2.4258 25.1857 12.5814 
-2.2836 25.1949 12.4923 
-2.0970 25.1813 12.3735 
-1.9024 25.1669 12.2440 
-1.6884 25.1743 12.1016 
-1.6550 25.1754 12.0805 
-1.1185 25.2517 11.7422 
-1.1100 25.2523 11.7369 
-1.0664 25.2622 11.7093 
-0.9988 25.2778 11.6557 
-0.3464 25.4103 11.2441 
-0.2958 25.4220 11.2115 
-0.2591 25.4299 11.1908 
0.7383 25.7830 10.6444 
0.7598 25.7929 10.6329 
0.8106 25.8142 10.6133 
1.0733 25.9448 10.5121 
1.3382 26.0543 10.4102 
1.5375 26.1371 10.3535 
1.7478 26.2322 10.2926 
2.0989 26.3916 10.2331 
2.5593 26.6711 10.1541 
3.0016 26.9170 10.0786 
3.1422 26.9932 10.0677 
3.5826 27.4766 10.0435 
3.6109 27.4884 10.0172 
3.6606 27.5275 10.0527 
4.2569 27.6930 10.0682 
4.2985 27.7126 10.0719 
4.7407 27.9152 10.1305 
5.0547 28.0948 10.1845 
5.2726 28.2062 10.2529 
5.6013 28.2789 10.2973 
5.6989 28.2963 10.3156 
6.1851 28.4188 10.4384 
6.1992 28.4211 10.4433 
6.7126 28.4735 10.5942 
6.7989 28.4867 10.6239 
7.2345 28.5018 10.8341 
7.4627 28.5038 10.9384 
7.6986 28.4857 11.0727 
7.9666 28.4824 11.2436 
8.3439 28.4712 11.4772 
8.8041 28.4468 11.7752 
9.9343 28.5112 12.8248 
10.0941 28.5225 12.9701 
10.2074 28.5337 13.0695 
10.7106 28.5798 13.6663 
10.7285 28.5770 13.6923 
11.5279 28.6137 14.5720 
11.7326 28.6617 14.7998 
11.7515 28.6635 14.8211 
12.0801 28.6780 15.2192 
12.4111 28.6935 15.6217 
12.6205 28.6863 15.9024 
13.0903 28.6262 16.4616 
13.1067 28.6252 16.4830 
13.4136 28.5793 16.9389 
13.6481 28.5203 17.2560 
13.7033 28.5087 17.3338 
13.8658 28.4372 17.6529 
14.1544 28.2825 18.1672 
14.2464 28.2299 18.3249 
14.4858 28.0052 18.8629 
14.6141 27.8831 19.1435 
14.6472 27.8513 19.2144 
14.6576 27.7815 19.3213 
14.8883 27.2769 20.0482 
14.9112 27.0991 20.2550 
14.9400 26.8162 20.6061 
15.0048 26.4131 21.0386 
14.9947 26.3239 21.1117 
14.9852 25.6052 21.6920 
14.9850 25.5858 21.7073 
14.8647 24.8393 22.1777 
14.8506 24.7460 22.2353 
14.8277 24.6552 22.2817 
14.6929 23.8462 22.6092 
14.6886 23.8324 22.6173 
14.5672 23.5183 22.7823 
14.4669 23.1479 22.9179 
14.4495 23.0930 22.9364 
14.1715 22.3066 23.2559 
14.1606 22.2690 23.2667 
14.1546 22.2499 23.2731 
14.1174 22.1382 23.3099 
13.6485 20.7173 23.7677 
13.5326 20.4015 23.8980 
13.5170 20.3590 23.9155 
13.3505 19.8908 24.0924 
12.6887 17.9382 24.7300 
12.6019 17.7049 24.8298 
12.4802 17.3408 24.9874 
12.0863 16.2838 25.4671 
11.8103 15.5369 25.7330 
11.7389 15.3355 25.8057 
11.6221 15.0482 25.9095 
11.1497 13.7016 26.6302 
10.9904 13.2587 26.8119 
10.8748 12.9498 26.9396 
10.6285 12.2625 27.4357 
10.5356 12.0897 27.5439 
10.4619 11.9492 27.6310 
10.3497 11.7594 27.7927 
10.2880 11.2717 28.4545 
10.2821 11.2482 28.4916 
10.2049 11.0165 28.8279 
10.2244 10.9544 28.9804 
10.2815 10.7618 29.4828 
10.3171 10.6928 29.6820 
10.3190 10.6891 29.6917 
10.3612 10.6110 29.9164 
10.3608 10.6129 29.9539 
10.4482 10.3611 30.5179 
10.4478 10.3345 30.5751 
10.4648 10.1099 30.9079 
10.4926 9.9964 31.0369 
10.4740 9.9249 31.1059 
10.4672 9.9076 31.1218 
10.3995 9.5592 31.2783 
10.3409 9.1594 31.4685 
10.2620 9.1442 31.5998 
10.1505 9.0627 31.6377 
9.8112 8.1317 31.8319 
9.7918 8.0833 31.8348 
9.4608 7.3940 31.8861 
9.2930 7.0483 31.9022 
8.8662 6.3345 31.9475 
8.4914 5.8032 31.8900 
8.3709 5.6672 31.8843 
8.0587 5.2185 32.0640 
7.7990 4.9219 32.0930 
7.3616 4.4350 32.1417 
7.1830 4.4748 32.1581 
6.8786 4.5399 32.1429 
6.7315 4.5873 32.1341 
6.5677 4.6402 32.1112 
6.5165 4.6757 32.1049 
6.4353 4.7322 32.0932 
5.9379 5.0813 31.9968 
5.9174 5.0956 31.9938 
5.6102 5.3457 31.9488 
5.5847 5.3673 31.9450 
5.3879 5.5330 31.9203 
4.9737 5.8841 31.8502 
4.9700 5.8872 31.8497 
4.6524 6.1122 31.8035 
4.4331 6.2691 31.7610 
4.1677 6.4007 31.7085 
3.7887 6.5818 31.6767 
3.7524 6.5908 31.6725 
3.3130 6.7055 31.5796 
2.9769 6.7904 31.5291 
2.4814 6.8395 31.4491 
1.9395 6.8910 31.3810 
1.4748 6.9368 31.3081 
0.9620 6.9525 31.2233 
-0.3745 6.9795 31.0789 
-1.3590 7.0105 30.9109 
-1.4996 7.0105 30.8858 
-2.1486 6.9671 30.9510 
-3.2799 6.9052 31.0076 
-3.3543 6.9016 31.0092 
-3.3966 6.8999 31.0102 
-3.4979 6.8902 31.0111 
-4.8573 6.8634 30.8889 
-5.0394 6.8562 30.8903 
-5.5999 6.8782 30.8980 
-5.6894 6.8813 30.9040 
-6.1108 6.9399 30.9372 
-6.2252 6.9591 30.9190 
-6.3416 6.9788 30.9003 
-6.6906 7.0935 30.8509 
-6.7116 7.1043 30.8484 
-6.7530 7.1275 30.8323 
-7.0821 7.3174 30.6688 
-7.1382 7.3484 30.6489 
-7.7527 7.7774 30.4277 
-7.8238 7.8267 30.4041 
-7.8344 7.8356 30.4006 
-8.9489 8.7633 30.0983 
-9.0599 8.8518 30.0824 
-9.1731 8.9590 30.0680 
-9.4864 9.2588 30.0188 
-10.5021 10.2289 29.8643 
-10.8051 10.5181 29.8189 
-11.4454 11.2842 29.7386 
-11.8404 11.7527 29.7000 
% end
