% Curve 1: 492702, Curve; 
% Length=74.9696; NumberOfSegments=217; FullyAttached=Yes; Closed=Yes; 
% Units: mm
% begin
14.4123 22.5276 22.0481 
13.2184 21.5141 22.2959 
13.1256 21.4330 22.3130 
13.1061 21.4175 22.3156 
13.0211 21.3440 22.3208 
12.8026 21.1923 22.3526 
11.8064 20.4239 22.5364 
11.6920 20.3443 22.5645 
10.6947 19.6751 22.7935 
10.5931 19.6054 22.8149 
10.5564 19.5852 22.8287 
10.5284 19.5714 22.8380 
10.1124 19.3694 22.9602 
9.5104 19.0435 23.1457 
9.4547 19.0193 23.1686 
9.4108 19.0002 23.1866 
8.9527 18.8365 23.4149 
8.6485 18.7165 23.5634 
8.6212 18.7076 23.5786 
8.5552 18.6893 23.6122 
7.9004 18.5347 23.9751 
7.8921 18.5321 23.9790 
7.4000 18.4026 24.1868 
7.1044 18.3503 24.3344 
7.0779 18.3434 24.3457 
6.3844 18.1892 24.6041 
6.3705 18.1822 24.6145 
6.1705 18.1293 24.6855 
6.1637 18.1276 24.6877 
6.0714 18.0984 24.7242 
5.1437 17.9168 25.0392 
5.0247 17.8950 25.0764 
4.2527 17.7939 25.3355 
4.1730 17.7849 25.3629 
4.1409 17.7833 25.3747 
4.0117 17.7758 25.4244 
3.3597 17.7381 25.6396 
3.3022 17.7349 25.6581 
2.9917 17.7368 25.7646 
2.4756 17.7470 25.9440 
2.4391 17.7499 25.9574 
2.0150 17.7855 26.1094 
1.8709 17.7926 26.1593 
1.4588 17.8151 26.2944 
1.0885 17.8819 26.4330 
0.9241 17.9141 26.4861 
0.3920 17.9936 26.6478 
-0.0559 18.0743 26.7895 
-0.0691 18.0790 26.7947 
-0.6747 18.3102 26.9795 
-0.6897 18.3183 26.9769 
-1.1038 18.4253 27.0961 
-1.4103 18.5359 27.1897 
-1.4993 18.5753 27.2056 
-2.0564 18.8044 27.2954 
-2.2168 18.8864 27.2924 
-2.8214 19.1732 27.2708 
-3.0178 19.2659 27.2636 
-3.7362 19.6589 27.1427 
-3.9293 19.7562 27.1067 
-4.0083 19.7959 27.0919 
-4.5675 20.1120 26.9294 
-4.9523 20.3181 26.8135 
-4.9801 20.3350 26.8058 
-5.0633 20.3899 26.7746 
-5.9093 20.9733 26.4635 
-5.9615 21.0171 26.4464 
-6.2532 21.2816 26.3201 
-6.7777 21.7162 26.0825 
-6.8357 21.7673 26.0515 
-7.5383 22.4484 25.6887 
-7.5539 22.4619 25.6803 
-7.5686 22.4773 25.6730 
-8.0326 22.9833 25.3366 
-8.0881 23.0530 25.2829 
-8.2090 23.2515 25.1685 
-8.4367 23.6764 24.9555 
-8.4808 23.7960 24.8762 
-8.5365 23.9981 24.7649 
-8.5458 24.0445 24.7435 
-8.5478 24.3213 24.5623 
-8.5671 24.5760 24.3740 
-8.5623 24.6484 24.3059 
-8.4748 25.0864 23.9640 
-8.4675 25.1085 23.9428 
-8.4006 25.4381 23.5851 
-8.3265 25.6650 23.3666 
-8.3208 25.6881 23.3426 
-8.1300 26.3158 22.6217 
-8.1077 26.3905 22.5410 
-8.1055 26.3983 22.5320 
-8.0980 26.4187 22.5053 
-7.8110 27.0760 21.6905 
-7.7978 27.1008 21.6550 
-7.6200 27.5255 21.0230 
-7.5885 27.6047 20.8851 
-7.5594 27.6907 20.7501 
-7.4627 28.0595 20.0003 
-7.4696 28.1034 19.8978 
-7.4810 28.2903 19.2883 
-7.4523 28.4370 18.8688 
-7.4101 28.5138 18.5337 
-7.4284 28.5807 18.1506 
-7.4382 28.5867 17.9680 
-7.4334 28.5720 17.8310 
-7.3901 28.5810 17.6341 
-7.2575 28.5459 17.2880 
-7.2235 28.4784 17.1004 
-7.2076 28.4710 17.0537 
-7.0220 28.3791 16.6728 
-6.9712 28.3531 16.5940 
-6.9709 28.3473 16.5760 
-6.7409 28.1093 16.1622 
-6.7190 28.0890 16.1314 
-6.3336 27.9101 15.6262 
-6.2367 27.8090 15.4872 
-6.1560 27.7474 15.3763 
-6.1095 27.7165 15.3262 
-5.7727 27.5072 14.9633 
-5.7203 27.4806 14.9250 
-5.5233 27.3647 14.7836 
-5.4495 27.3276 14.7464 
-5.0616 27.1801 14.5398 
-4.9831 27.1436 14.4996 
-4.9428 27.1234 14.4792 
-4.7612 27.0399 14.4039 
-4.7364 27.0265 14.3942 
-4.4235 26.8683 14.2945 
-4.4183 26.8656 14.2929 
-4.3422 26.8232 14.2657 
-4.2423 26.7992 14.2117 
-3.5954 26.5617 13.9640 
-3.5360 26.5399 13.9415 
-2.9993 26.5023 13.7259 
-2.9104 26.4949 13.6902 
-2.8453 26.4815 13.6647 
-2.3926 26.3900 13.5001 
-2.3382 26.3911 13.4803 
-2.0408 26.3966 13.3840 
-1.8118 26.3695 13.3073 
-1.7784 26.3665 13.2855 
-1.3135 26.3889 13.1688 
-1.2925 26.3896 13.1649 
-0.7652 26.4543 13.0745 
-0.4645 26.4700 13.0190 
-0.4264 26.4776 13.0131 
-0.1294 26.5369 12.9707 
-0.1215 26.5393 12.9647 
0.5365 26.5552 12.8411 
0.5652 26.5555 12.8366 
1.6251 26.6590 12.7287 
1.6769 26.6634 12.7142 
1.7290 26.6633 12.7068 
1.7989 26.6645 12.6977 
2.6122 26.7108 12.6142 
2.8269 26.7238 12.5911 
3.3926 26.8175 12.5773 
4.1313 26.9599 12.5752 
4.4346 27.0447 12.5952 
5.5636 27.3923 12.6349 
5.6270 27.4081 12.6338 
5.7141 27.4522 12.6527 
7.0846 28.0339 12.8552 
7.1390 28.0569 12.8633 
8.5784 28.8067 13.2298 
8.7627 28.8971 13.2707 
8.9580 28.9896 13.3166 
9.9919 29.4977 13.5778 
10.2839 29.6197 13.6702 
10.9091 29.8546 13.8406 
11.3840 29.9903 14.0091 
11.6297 30.0648 14.1012 
12.0804 30.2052 14.2745 
12.5666 30.3211 14.4915 
13.4054 30.5096 14.8493 
13.4983 30.5344 14.8946 
13.5082 30.5362 14.9000 
13.6938 30.5737 15.0096 
14.2811 30.6887 15.3498 
14.2865 30.6890 15.3534 
14.6173 30.7182 15.6047 
14.6202 30.7184 15.6068 
14.6251 30.7190 15.6109 
14.6279 30.7189 15.6137 
15.0610 30.6956 16.0377 
15.0654 30.6955 16.0423 
15.2501 30.6534 16.2667 
15.5233 30.5782 16.5583 
15.6559 30.5050 16.7347 
15.8880 30.3638 17.0020 
15.9905 30.3129 17.1564 
16.2507 30.0778 17.6866 
16.3903 29.9508 17.9660 
16.4146 29.9128 18.0345 
16.5380 29.7115 18.4895 
16.6806 29.5001 18.9262 
16.7017 29.4670 18.9845 
16.7257 29.2714 19.2604 
16.7669 29.0158 19.5789 
16.7762 28.9705 19.6267 
16.7748 28.7932 19.7848 
16.7836 28.4362 20.0732 
16.7629 28.3539 20.1261 
16.6802 27.7630 20.3896 
16.6365 27.3323 20.5521 
16.6144 27.1293 20.6313 
16.5893 27.0015 20.6737 
16.4146 26.1390 20.9677 
16.2755 25.4638 21.1963 
16.1934 25.1544 21.3307 
16.0768 24.8506 21.4421 
15.8156 24.1330 21.6829 
15.8041 24.1035 21.6941 
15.5368 23.6871 21.7952 
15.5201 23.6634 21.8029 
14.8111 22.9298 21.9542 
14.4795 22.5917 22.0293 
14.4123 22.5276 22.0481 
% end
