% Curve 1: 500510, Curve; 
% Length=67.5265; NumberOfSegments=273; FullyAttached=Yes; Closed=Yes; 
% Units: mm
% begin
2.6722 28.4161 16.1656 
2.6361 28.4589 16.1375 
2.4501 28.7106 16.0091 
2.3570 28.8390 15.9461 
2.2518 28.9453 15.9056 
1.9718 29.2793 15.8377 
1.9338 29.3216 15.8262 
1.8240 29.4147 15.8108 
1.4495 29.7706 15.8016 
1.4364 29.7816 15.7996 
1.3213 29.8592 15.7916 
0.8814 30.1750 15.7892 
0.8740 30.1796 15.7895 
0.6886 30.2820 15.7764 
0.3447 30.4799 15.7658 
0.2566 30.5271 15.7646 
-0.0548 30.6868 15.7467 
-0.3702 30.8499 15.7311 
-0.4659 30.8998 15.7271 
-0.8229 31.0869 15.7122 
-1.0036 31.1748 15.6930 
-1.0099 31.1781 15.6928 
-1.5815 31.4888 15.6756 
-1.6239 31.5081 15.6695 
-1.6380 31.5143 15.6676 
-1.7763 31.5735 15.6478 
-2.3367 31.8269 15.5821 
-2.3705 31.8510 15.5873 
-2.4772 31.9261 15.6045 
-3.0598 32.3039 15.6684 
-3.0860 32.3229 15.6731 
-3.1205 32.3460 15.6806 
-3.6550 32.6725 15.7679 
-3.6674 32.6810 15.7707 
-3.7433 32.7259 15.7931 
-4.2513 33.0097 15.9277 
-4.2621 33.0172 15.9319 
-4.4145 33.1055 16.0058 
-4.7995 33.3265 16.1902 
-4.8294 33.3389 16.2088 
-5.0860 33.4886 16.4202 
-5.2291 33.5622 16.5262 
-5.3790 33.6258 16.6507 
-5.6566 33.8247 17.0508 
-5.6840 33.8413 17.0840 
-5.7951 33.8985 17.2300 
-5.9909 34.0571 17.5970 
-6.1955 34.1366 17.7966 
-6.3188 34.1720 17.9488 
-6.4584 34.2309 18.1460 
-6.6899 34.3606 18.4013 
-6.8381 34.4011 18.4862 
-6.9640 34.4209 18.6019 
-6.9819 34.4235 18.6207 
-7.2663 34.3996 18.8980 
-7.5723 34.3640 19.1930 
-7.7583 34.3429 19.3700 
-7.9105 34.3439 19.5216 
-8.0136 34.3309 19.6046 
-8.0172 34.3313 19.6082 
-8.2388 34.3507 19.8505 
-8.5620 34.2650 20.1055 
-8.8204 34.1932 20.3132 
-8.9936 34.1428 20.4496 
-9.0661 34.1189 20.5032 
-9.3814 33.9824 20.7730 
-9.7448 33.8211 21.0547 
-9.7862 33.8053 21.0922 
-9.9643 33.7090 21.2802 
-10.4611 33.4466 21.8204 
-10.5127 33.4231 21.8859 
-10.9553 33.1203 22.5602 
-11.0688 33.0589 22.7059 
-11.0871 33.0474 22.7347 
-11.1173 33.0467 22.7639 
-11.4635 32.6847 23.5558 
-11.4705 32.6779 23.5731 
-11.6369 32.3675 24.1347 
-11.7242 32.2131 24.4015 
-11.7327 32.1944 24.4394 
-11.8734 31.6391 25.3566 
-11.9248 31.5048 25.5514 
-11.9389 31.4619 25.6174 
-12.0043 31.1003 26.0627 
-12.0450 30.9619 26.2190 
-12.0469 30.9528 26.2274 
-12.1196 30.6704 26.4796 
-12.1922 30.3397 26.7840 
-12.1923 30.3357 26.7862 
-12.1945 30.1859 26.8672 
-12.1955 30.1607 26.8805 
-12.1461 29.7631 26.9622 
-12.1314 29.6489 26.9860 
-12.1297 29.6431 26.9877 
-12.0628 29.4521 27.0210 
-11.9864 29.0426 27.0497 
-11.9364 28.8412 27.0717 
-11.9274 28.8128 27.0724 
-11.8367 28.4918 27.0720 
-11.7765 28.1977 27.0532 
-11.7473 28.0465 27.0421 
-11.6961 27.8456 27.0135 
-11.5689 27.4116 26.9668 
-11.5432 27.3080 26.9514 
-11.5340 27.2730 26.9466 
-11.4060 26.8578 26.8714 
-11.4022 26.8482 26.8705 
-11.3409 26.7073 26.8529 
-11.2145 26.3529 26.7891 
-11.2076 26.3349 26.7861 
-11.1824 26.2680 26.7753 
-11.0792 26.0398 26.7500 
-10.9711 25.7321 26.6949 
-10.9701 25.7290 26.6944 
-10.8796 25.4313 26.6479 
-10.8712 25.4027 26.6432 
-10.7604 24.9588 26.5904 
-10.7593 24.9538 26.5897 
-10.7587 24.9504 26.5891 
-10.6761 24.4675 26.5220 
-10.6743 24.4594 26.5212 
-10.6290 24.2384 26.5017 
-10.5899 24.0019 26.4740 
-10.5859 23.9810 26.4719 
-10.5832 23.9669 26.4705 
-10.4957 23.4871 26.4173 
-10.4941 23.4802 26.4165 
-10.4115 23.0529 26.3622 
-10.4047 23.0254 26.3597 
-10.3915 22.9738 26.3545 
-10.3015 22.6337 26.3219 
-10.2762 22.5417 26.3118 
-10.2467 22.4571 26.3067 
-10.2021 22.3231 26.2972 
-10.1150 22.0607 26.2789 
-10.0567 21.9062 26.2729 
-10.0123 21.8099 26.2746 
-9.8869 21.5394 26.2786 
-9.8348 21.4310 26.2654 
-9.8217 21.4062 26.2659 
-9.6656 21.1009 26.2756 
-9.6575 21.0851 26.2761 
-9.6338 21.0359 26.2854 
-9.4138 20.6468 26.3059 
-9.3700 20.5846 26.3180 
-9.3180 20.5143 26.3295 
-8.9276 20.0097 26.4261 
-8.9189 20.0001 26.4290 
-8.9166 19.9976 26.4296 
-8.8920 19.9730 26.4374 
-8.7198 19.7920 26.4878 
-8.5826 19.6509 26.5253 
-8.5405 19.6130 26.5401 
-8.4663 19.5499 26.5627 
-8.1529 19.3605 26.7140 
-8.0282 19.2745 26.7665 
-7.9628 19.2336 26.7900 
-7.4075 19.0266 27.1163 
-7.3668 19.0107 27.1395 
-7.2443 18.9780 27.1921 
-7.1296 18.9856 27.2585 
-6.2729 18.8964 28.1002 
-6.2649 18.8949 28.1090 
-6.2440 18.8965 28.1350 
-5.6534 18.9712 28.8125 
-5.6519 18.9675 28.8219 
-5.4563 18.9758 29.0315 
-5.3771 18.9794 29.1166 
-5.0205 19.0237 29.4415 
-4.8753 19.0279 29.5299 
-4.7307 19.0203 29.6330 
-4.6898 19.0238 29.6483 
-4.3557 19.0067 29.7586 
-4.2443 18.9554 29.7809 
-4.1078 18.8697 29.8010 
-3.8349 18.6846 29.8823 
-3.7987 18.6659 29.8940 
-3.7721 18.6541 29.8971 
-3.2725 18.2942 29.9162 
-3.2270 18.2625 29.9183 
-3.1937 18.2416 29.9152 
-2.7061 17.9139 29.8612 
-2.6598 17.8925 29.8601 
-2.5392 17.8431 29.8453 
-2.1686 17.6601 29.7838 
-2.1053 17.6325 29.7673 
-1.6471 17.5343 29.7210 
-1.4728 17.4782 29.6898 
-1.4369 17.4716 29.6870 
-1.2041 17.4254 29.6731 
-1.0765 17.3908 29.6590 
-1.0604 17.3867 29.6574 
-0.9339 17.3618 29.6323 
-0.7612 17.3072 29.5961 
-0.6642 17.2912 29.5829 
-0.6381 17.2869 29.5793 
-0.1301 17.2128 29.5178 
-0.0766 17.2031 29.5097 
0.0180 17.1870 29.4940 
0.1550 17.1880 29.4906 
0.4693 17.1617 29.4600 
0.7589 17.1392 29.4047 
0.8462 17.1327 29.3883 
0.8913 17.1318 29.3765 
1.4296 17.1300 29.2433 
1.4595 17.1330 29.2383 
1.6078 17.1569 29.2021 
1.9251 17.2094 29.1257 
1.9625 17.2185 29.1132 
2.5682 17.4209 28.9563 
2.5974 17.4324 28.9468 
2.6070 17.4360 28.9437 
2.6097 17.4371 28.9428 
2.6117 17.4381 28.9423 
2.6170 17.4411 28.9413 
3.2377 17.7648 28.8023 
3.2714 17.7847 28.7922 
3.6903 18.1563 28.7443 
3.7485 18.2023 28.7341 
3.7852 18.2357 28.7231 
4.1555 18.7401 28.6818 
4.1790 18.7659 28.6766 
4.2049 18.7992 28.6657 
4.5288 19.3271 28.5538 
4.5435 19.3451 28.5474 
4.5919 19.4133 28.5145 
4.8663 19.8863 28.3318 
4.8719 19.8993 28.3242 
4.9681 20.0761 28.2048 
5.0093 20.1587 28.1522 
5.1222 20.4604 27.9053 
5.2784 20.8856 27.5605 
5.3514 21.0270 27.4215 
5.4035 21.1823 27.3014 
5.4545 21.4023 27.1056 
5.5039 21.5799 26.9364 
5.5104 21.6339 26.8732 
5.5176 21.8212 26.6818 
5.5343 21.9951 26.4859 
5.5211 22.1996 26.2192 
5.4944 22.4228 25.9558 
5.4906 22.5431 25.7900 
5.4547 22.7625 25.4460 
5.3741 23.1786 24.8233 
5.3667 23.2266 24.7469 
5.3290 23.3741 24.4876 
5.2362 23.6665 24.0166 
5.0944 24.1077 23.3029 
5.0930 24.1124 23.2951 
5.0747 24.1546 23.2151 
5.0560 24.2015 23.1386 
4.8667 24.5534 22.5400 
4.8681 24.5551 22.5404 
4.8330 24.6031 22.4432 
4.7050 24.8068 22.0610 
4.6981 24.8180 22.0388 
4.5312 25.0902 21.4883 
4.3820 25.3157 21.0153 
4.2237 25.5592 20.4935 
4.1274 25.7251 20.1563 
4.1078 25.7624 20.0654 
4.1022 25.7722 20.0446 
3.8976 26.2045 19.1690 
3.8709 26.2605 19.0587 
3.8370 26.3338 18.9157 
3.6800 26.6663 18.3372 
3.6546 26.7212 18.2309 
3.6074 26.8018 18.0669 
3.3506 27.2777 17.3521 
3.2768 27.3144 17.2710 
2.9374 27.9268 16.5394 
2.8989 28.0070 16.4766 
2.8703 28.0587 16.4374 
2.6722 28.4161 16.1656 
% end
