% Curve 1: 501235, Curve; 
% Length=103.923; NumberOfSegments=367; FullyAttached=Yes; Closed=Yes; 
% Units: mm
% begin
10.0238 29.3552 9.2838 
10.2727 29.1476 9.2210 
10.3300 29.0722 9.2355 
10.3805 29.0436 9.2316 
10.9108 28.8034 9.4632 
11.1127 28.7025 9.5660 
11.1406 28.6885 9.5802 
11.3452 28.5862 9.6843 
11.9877 28.5289 9.8133 
12.2493 28.5008 9.9031 
12.5923 28.5164 10.0500 
12.6209 28.5172 10.0644 
13.1013 28.5175 10.3010 
13.3614 28.4999 10.4226 
13.4152 28.4979 10.4437 
13.6068 28.4812 10.5082 
14.0267 28.3743 10.6576 
14.1616 28.3323 10.7010 
14.6180 28.1894 10.8521 
14.6275 28.1851 10.8552 
14.6336 28.1836 10.8572 
14.6416 28.1810 10.8598 
15.4252 27.9315 11.0939 
15.5200 27.9161 11.1227 
15.5804 27.9061 11.1423 
16.1408 27.9096 11.3292 
16.1626 27.9099 11.3319 
16.1794 27.9101 11.3322 
16.4445 27.7637 11.3848 
16.5754 27.6928 11.4085 
17.2803 27.6318 11.7992 
17.3418 27.6115 11.8344 
17.3787 27.6222 11.8598 
17.8092 27.6699 12.1416 
18.1227 27.7078 12.3213 
18.5914 28.0693 12.8050 
18.6456 28.1104 12.8707 
18.7431 28.1837 12.9982 
18.9888 28.3761 13.3108 
19.2802 28.5483 13.6262 
19.3875 28.5823 13.7187 
19.4507 28.6009 13.7814 
19.6357 28.6573 13.9947 
19.7767 28.6886 14.1548 
19.8872 28.7129 14.2996 
20.3209 28.8454 14.8810 
20.3743 28.8617 14.9451 
20.5380 28.8727 15.1384 
20.8601 28.9065 15.7055 
21.0346 28.9393 16.1058 
21.1669 28.9215 16.4391 
21.3367 28.9218 16.6953 
21.4934 28.9383 16.9373 
21.5594 28.9364 17.0363 
21.8077 28.9114 17.6008 
21.9558 28.7447 17.8387 
22.0487 28.6389 17.9870 
22.1968 28.5150 18.1662 
22.5917 28.0472 18.4656 
22.6540 27.9669 18.5044 
22.7033 27.8752 18.5496 
23.1192 27.4476 18.7008 
23.1220 27.4446 18.7023 
23.3203 27.2469 18.8023 
23.3219 27.2376 18.8059 
23.6450 26.9198 18.9521 
23.7437 26.8086 19.0020 
24.1605 26.3686 19.3462 
24.2737 26.2479 19.4345 
24.2931 26.2283 19.4545 
24.3763 26.1368 19.5448 
24.6274 25.8127 19.7610 
24.6982 25.6999 19.8297 
25.0173 25.1775 20.2192 
25.0595 25.1089 20.2675 
25.0776 25.0795 20.2886 
25.1152 25.0069 20.3375 
25.4225 24.4477 20.6488 
25.4598 24.3673 20.6896 
25.7568 23.6555 21.1205 
25.7973 23.5647 21.1701 
25.8127 23.5222 21.1907 
26.0185 22.7897 21.6398 
26.0262 22.7448 21.6628 
26.0348 22.6962 21.6874 
26.0565 22.3044 21.9437 
26.0143 21.7524 22.2122 
26.0040 21.6345 22.2708 
26.0051 21.6062 22.2893 
25.7774 20.7237 22.7200 
25.7264 20.5771 22.7890 
25.7204 20.5632 22.7980 
25.5663 20.2613 22.9609 
25.5551 20.2473 22.9630 
25.5398 20.2281 22.9659 
25.3530 19.7324 23.1864 
25.3096 19.6416 23.2322 
25.0003 19.0768 23.4916 
24.9084 18.9151 23.5703 
24.8844 18.8687 23.5898 
24.8633 18.8374 23.6093 
24.8140 18.7908 23.6285 
24.3794 18.1489 23.8845 
24.3251 18.0817 23.9208 
24.0740 17.8123 24.0575 
23.9241 17.6276 24.1233 
23.8846 17.5880 24.1338 
23.5460 17.3303 24.2771 
23.4586 17.2614 24.3125 
23.0954 17.0218 24.4106 
23.0829 17.0121 24.4128 
23.0581 16.9950 24.4189 
22.5174 16.6502 24.5297 
22.4523 16.6151 24.5489 
22.3272 16.5517 24.5820 
22.1312 16.4539 24.6350 
21.9081 16.3470 24.6911 
21.7332 16.2469 24.7205 
21.6862 16.2210 24.7275 
21.1304 15.9427 24.8347 
21.0362 15.8915 24.8495 
20.9665 15.8589 24.8552 
20.2854 15.5170 24.9066 
20.1848 15.4846 24.9107 
20.1321 15.4664 24.9139 
19.8975 15.4124 24.9847 
19.1260 15.2989 25.1989 
18.7493 15.3009 25.3469 
18.6368 15.2942 25.3980 
17.9846 15.3326 25.7707 
17.7341 15.3179 25.8847 
17.7133 15.3182 25.8918 
17.3652 15.3651 26.0477 
17.0400 15.3797 26.1679 
16.9853 15.3811 26.1894 
16.6397 15.3764 26.3118 
16.6179 15.3764 26.3192 
16.0835 15.3640 26.4890 
16.0206 15.3692 26.5018 
15.9228 15.3754 26.5196 
15.7750 15.4003 26.6154 
15.0240 15.5397 26.9371 
14.7606 15.8737 27.2079 
14.5754 16.0493 27.4461 
14.4205 16.1482 27.5854 
14.3805 16.2718 27.7443 
14.2598 16.7134 28.0573 
14.1831 17.0099 28.2183 
14.1655 17.0596 28.2532 
14.2190 17.4542 28.4158 
14.2424 17.6627 28.4752 
14.2100 17.9405 28.6518 
14.2004 18.0749 28.7414 
14.1914 18.1585 28.8007 
14.1438 18.2639 28.7791 
14.1437 18.2891 28.7693 
14.0872 18.6736 28.7694 
14.0406 18.6444 28.9090 
13.8681 18.8074 28.9852 
13.6220 19.1732 28.9818 
13.5563 19.2402 28.9841 
13.4753 19.3192 28.9749 
13.3779 19.3903 28.8826 
12.9219 19.4030 28.6912 
12.8944 19.4004 28.6822 
12.5375 19.4358 28.6419 
12.4852 19.4310 28.6249 
12.3687 19.4172 28.5835 
12.0395 19.3584 28.4919 
11.8767 19.3685 28.4849 
11.3752 19.3747 28.4349 
11.3313 19.3845 28.4413 
11.0721 19.4688 28.4571 
11.0321 19.4879 28.4544 
10.8039 19.6552 28.4976 
10.7344 19.7007 28.5052 
10.3822 19.9763 28.5125 
10.1882 20.1388 28.5254 
10.1228 20.1898 28.5267 
10.0736 20.2304 28.5259 
9.3895 20.7135 28.4553 
9.3466 20.7419 28.4495 
9.3021 20.7722 28.4426 
8.7614 21.0684 28.3123 
8.7270 21.0876 28.3036 
8.6701 21.1194 28.2892 
8.2177 21.2704 28.0973 
7.9790 21.3179 28.0207 
7.9632 21.3215 28.0147 
7.3044 21.4850 27.7719 
7.0959 21.5243 27.6908 
7.0910 21.5253 27.6887 
7.0422 21.5376 27.6690 
6.9778 21.5481 27.6414 
6.5277 21.6345 27.4516 
6.3359 21.6759 27.3558 
5.8504 21.7962 27.1173 
5.8396 21.7990 27.1115 
5.7127 21.8310 27.0436 
5.5125 21.8687 26.9328 
5.0261 21.9421 26.6584 
4.8897 21.9764 26.5854 
4.5635 22.0570 26.4148 
4.3227 22.1114 26.2872 
4.2895 22.1185 26.2710 
4.1073 22.1785 26.1893 
3.8125 22.2450 26.0469 
3.6917 22.2853 25.9929 
3.4112 22.3708 25.8858 
3.1662 22.4263 25.7839 
3.1290 22.4317 25.7671 
2.9757 22.4506 25.7051 
2.5575 22.5794 25.5759 
2.2591 22.6708 25.4836 
2.2272 22.6802 25.4742 
1.2943 22.9502 25.1988 
1.2687 22.9581 25.1916 
1.2206 22.9729 25.1780 
1.1692 22.9878 25.1631 
1.0330 23.0148 25.1160 
0.4282 23.1405 24.9102 
0.1833 23.1951 24.8210 
0.0169 23.2256 24.7562 
-0.2602 23.2818 24.6397 
-0.3462 23.2963 24.6016 
-0.5512 23.3348 24.5044 
-0.8005 23.3778 24.3836 
-0.8346 23.3872 24.3694 
-0.9030 23.4084 24.3372 
-1.3601 23.5218 24.1019 
-1.4628 23.5507 24.0442 
-1.9507 23.7638 23.8299 
-1.9991 23.7828 23.8069 
-2.0412 23.8068 23.7929 
-2.1689 23.8850 23.7449 
-2.5411 24.1107 23.6033 
-2.5776 24.1378 23.5842 
-2.6586 24.2129 23.5528 
-3.0138 24.5263 23.4031 
-3.1643 24.6639 23.3357 
-3.5407 25.1235 23.2485 
-3.7869 25.4305 23.1960 
-3.8378 25.5205 23.2039 
-4.1491 26.0416 23.2621 
-4.1820 26.0703 23.2770 
-4.4239 26.3986 23.2552 
-4.4636 26.4813 23.2718 
-4.4795 26.5093 23.2755 
-4.5085 26.5478 23.2901 
-4.8961 27.7272 23.4098 
-4.8985 27.7593 23.4035 
-4.9040 27.7803 23.4062 
-4.9160 27.8314 23.4135 
-4.9773 28.0435 23.4281 
-4.9797 28.0695 23.4223 
-5.1810 28.6258 23.4781 
-5.1834 28.6308 23.4780 
-5.3860 29.0730 23.4554 
-5.5789 29.4033 23.4117 
-5.6435 29.5280 23.4004 
-5.6481 29.5373 23.3991 
-5.7278 29.7000 23.3771 
-5.9890 30.5154 23.3340 
-5.9956 30.5387 23.3306 
-6.0217 30.6160 23.3169 
-6.2806 31.1418 23.1804 
-6.3790 31.3295 23.1285 
-6.4373 31.4632 23.0739 
-6.5833 31.9988 22.9122 
-6.6195 32.1583 22.8687 
-6.6440 32.3247 22.7975 
-6.7224 32.7828 22.5943 
-6.7732 33.0527 22.4717 
-6.7789 33.1044 22.4399 
-6.7660 33.2708 22.3626 
-6.8073 33.9519 21.9716 
-6.8063 34.0231 21.9227 
-6.7280 34.4056 21.7289 
-6.7262 34.7276 21.5256 
-6.7290 34.8049 21.4676 
-6.6927 35.1612 21.1517 
-6.6818 35.4136 20.8972 
-6.6732 35.4575 20.8469 
-6.6000 35.9261 20.2481 
-6.5865 36.0408 20.0869 
-6.5830 36.0647 20.0555 
-6.4985 36.3295 19.6680 
-6.4192 36.5910 19.2659 
-6.4162 36.5980 19.2542 
-6.3616 36.7169 19.0858 
-6.1782 37.1390 18.4214 
-6.1705 37.1529 18.3981 
-5.9724 37.4885 17.8178 
-5.9414 37.5690 17.6468 
-5.8904 37.6120 17.5281 
-5.7497 37.7163 17.1618 
-5.4745 37.8463 16.5999 
-5.3421 37.8981 16.2797 
-5.2058 37.9276 15.9696 
-5.1428 37.9265 15.8755 
-4.7443 37.9283 15.1427 
-4.7253 37.9258 15.1159 
-4.3290 37.8348 14.5093 
-3.9851 37.7009 13.9165 
-3.7747 37.6134 13.5734 
-3.5184 37.4795 13.1463 
-3.4850 37.4565 13.0997 
-3.3047 37.3156 12.9261 
-3.0333 37.0287 12.3248 
-2.9006 36.9042 12.0234 
-2.7651 36.8021 11.7716 
-2.7013 36.7151 11.6842 
-2.6728 36.6604 11.6576 
-2.6397 36.5779 11.6412 
-2.5469 36.0956 11.3237 
-2.5136 35.9195 11.1961 
-2.4759 35.7696 11.0712 
-2.4524 35.7364 11.0558 
-2.3939 35.6869 11.0108 
-2.1278 35.5704 10.7832 
-2.0970 35.5570 10.7568 
-1.6536 35.3855 10.4279 
-1.1487 35.2499 10.1944 
-1.0612 35.2333 10.1701 
-0.4635 35.1323 9.9975 
-0.3876 35.1201 9.9767 
-0.3399 35.1151 9.9685 
-0.2345 35.0841 9.9610 
0.3480 34.9460 9.8231 
0.3594 34.9427 9.8210 
0.7368 34.8388 9.7608 
1.0693 34.7427 9.7027 
1.1810 34.7040 9.6886 
1.9084 34.5499 9.6986 
2.1017 34.5016 9.6663 
2.2074 34.4605 9.6495 
2.2135 34.4587 9.6489 
2.4173 34.3891 9.6393 
3.1051 34.1118 9.5800 
3.1446 34.0952 9.5774 
3.5887 33.8737 9.5245 
3.9280 33.6901 9.4739 
3.9749 33.6636 9.4661 
4.4885 33.3614 9.3937 
4.6587 33.2590 9.3681 
4.6850 33.2423 9.3650 
5.3242 32.8413 9.2916 
5.4129 32.7850 9.2809 
5.4370 32.7689 9.2789 
6.1193 32.3181 9.2254 
6.1687 32.2851 9.2213 
6.1867 32.2725 9.2205 
6.8807 31.7921 9.1919 
6.9174 31.7666 9.1903 
6.9341 31.7544 9.1901 
7.6205 31.2632 9.1843 
7.6593 31.2355 9.1840 
7.6793 31.2208 9.1843 
8.3524 30.7255 9.1927 
8.3926 30.6964 9.1935 
8.4171 30.6785 9.1944 
9.0933 30.1677 9.2094 
9.1004 30.1625 9.2096 
9.1150 30.1504 9.2117 
9.2263 30.0635 9.2288 
9.6582 29.6677 9.2818 
9.6766 29.6515 9.2798 
10.0238 29.3552 9.2838 
% end
