% Curve 1: 501868, Curve; 
% Length=76.0014; NumberOfSegments=383; FullyAttached=Yes; Closed=Yes; 
% Units: mm
% begin
-1.6259 26.9077 12.5931 
-1.8321 26.8424 12.5644 
-1.9544 26.7936 12.5484 
-2.2143 26.6653 12.5169 
-2.3127 26.6207 12.5299 
-2.6235 26.6161 12.5346 
-2.9855 26.5970 12.5654 
-3.0296 26.6041 12.5661 
-3.1763 26.6348 12.6013 
-3.5096 26.7035 12.6814 
-3.5729 26.7179 12.7027 
-3.7920 26.8418 12.8189 
-3.9057 26.9004 12.8901 
-4.1176 27.0229 13.0635 
-4.2869 27.2004 13.2093 
-4.3817 27.2801 13.2891 
-4.5775 27.4737 13.5882 
-4.6733 27.5894 13.7457 
-4.8334 27.7507 14.1733 
-4.8998 27.8404 14.5739 
-4.9020 27.8453 14.6042 
-4.9029 27.8477 14.6129 
-4.9086 27.8553 14.6479 
-4.9421 27.8960 14.8443 
-4.9618 27.9195 15.2655 
-4.9339 27.8850 15.5602 
-4.9295 27.8792 15.6094 
-4.9254 27.8738 15.6329 
-4.7606 27.7887 16.1994 
-4.6951 27.7425 16.4606 
-4.5570 27.6314 16.9519 
-4.5552 27.6324 16.9683 
-4.5464 27.6230 17.0074 
-4.5460 27.6225 17.0091 
-4.5353 27.6131 17.0484 
-4.4290 27.5547 17.3249 
-4.3243 27.4907 17.5921 
-4.2247 27.4568 17.7643 
-4.1737 27.4221 17.9050 
-3.9587 27.2689 18.4883 
-3.9489 27.2611 18.5172 
-3.9309 27.2462 18.5685 
-3.8300 27.1678 18.8420 
-3.7547 27.1064 19.0438 
-3.6576 27.0354 19.2820 
-3.6241 26.9936 19.4101 
-3.5092 26.8549 19.8550 
-3.4844 26.8333 19.9289 
-3.4332 26.7905 20.0851 
-3.3966 26.7348 20.2640 
-3.3469 26.6727 20.5495 
-3.3360 26.6468 20.6545 
-3.3301 26.6326 20.7119 
-3.3128 26.4790 21.2680 
-3.3120 26.4699 21.3053 
-3.3176 26.3815 21.6473 
-3.3203 26.3200 21.8868 
-3.3205 26.3139 21.9095 
-3.3071 26.1387 22.5910 
-3.2953 26.0802 22.8289 
-3.2899 26.0550 22.9238 
-3.2176 25.8763 23.5942 
-3.2244 25.8849 23.6162 
-3.2034 25.8037 23.9290 
-3.1881 25.7631 24.0288 
-3.1874 25.7383 24.0786 
-3.1816 25.7195 24.0967 
-3.2000 25.5416 24.2292 
-3.2138 25.5019 24.2536 
-3.2520 25.3549 24.3128 
-3.2545 25.3395 24.3156 
-3.2583 25.0093 24.3996 
-3.2783 24.8593 24.4283 
-3.2784 24.8563 24.4291 
-3.2863 24.4001 24.5172 
-3.2967 24.2136 24.5492 
-3.2949 24.1748 24.5581 
-3.2949 24.1718 24.5587 
-3.2943 23.9392 24.6064 
-3.2841 23.5114 24.6980 
-3.2840 23.5064 24.6992 
-3.2777 23.4308 24.7194 
-3.2828 22.9094 24.8427 
-3.2837 22.8704 24.8537 
-3.2539 22.7157 24.9058 
-3.2224 22.4449 24.9917 
-3.2123 22.3629 25.0147 
-3.1515 22.2065 25.0624 
-3.0370 22.0077 25.1564 
-2.9862 21.9026 25.1980 
-2.9118 21.7470 25.2629 
-2.8944 21.7127 25.2776 
-2.7607 21.4562 25.3761 
-2.7219 21.3798 25.4050 
-2.7167 21.3701 25.4081 
-2.7107 21.3557 25.4120 
-2.6998 21.3414 25.4182 
-2.4582 21.0193 25.5562 
-2.3570 20.8840 25.6151 
-2.1962 20.7344 25.7089 
-2.0543 20.6047 25.7917 
-1.9702 20.5376 25.8408 
-1.8575 20.4469 25.9089 
-1.7963 20.3906 25.9455 
-1.7926 20.3870 25.9479 
-1.4153 20.0744 26.1964 
-1.3932 20.0513 26.2099 
-1.3616 20.0292 26.2315 
-0.9885 19.7541 26.4824 
-0.8837 19.6759 26.5545 
-0.6341 19.5424 26.7386 
-0.4239 19.4100 26.8890 
-0.3066 19.3646 26.9795 
-0.1193 19.2967 27.1114 
-0.0331 19.2568 27.1694 
-0.0140 19.2478 27.1827 
0.1307 19.1910 27.2865 
0.4301 19.0392 27.5038 
0.5443 18.9835 27.5704 
0.6010 18.9825 27.6171 
0.8381 18.9795 27.8016 
0.9365 18.9583 27.8708 
0.9699 18.9493 27.8981 
1.1402 18.9174 28.0470 
1.1725 18.9122 28.0733 
1.3351 18.8271 28.1712 
1.3400 18.8246 28.1742 
1.4782 18.7460 28.2524 
1.5985 18.6361 28.3242 
1.6119 18.6243 28.3316 
1.9474 18.3335 28.5103 
1.9985 18.2853 28.5369 
2.0382 18.2496 28.5551 
2.0566 18.2360 28.5643 
2.0816 18.2175 28.5866 
2.5592 17.8874 28.8177 
2.8061 17.8057 28.9612 
2.9870 17.7239 29.0501 
3.0226 17.7103 29.0559 
3.1528 17.6771 29.0787 
3.5631 17.7948 29.1680 
3.6546 17.7861 29.1858 
3.8735 17.9322 29.2202 
3.9965 18.0248 29.2391 
4.0406 18.1089 29.2432 
4.1070 18.2390 29.2550 
4.2159 18.3441 29.2603 
4.2826 18.4164 29.2692 
4.4018 18.5603 29.2754 
4.4401 18.6092 29.2758 
4.5964 18.8353 29.2927 
4.7800 19.0544 29.3405 
4.8030 19.0796 29.3480 
4.9336 19.2043 29.3768 
5.0557 19.3009 29.4218 
5.0922 19.3251 29.4393 
5.1737 19.3555 29.4593 
5.3350 19.3765 29.4671 
5.4157 19.3958 29.4832 
5.4680 19.3940 29.4973 
5.5072 19.3927 29.5077 
5.8208 19.3279 29.4916 
5.9423 19.2766 29.4372 
5.9808 19.2486 29.4164 
6.0216 19.2318 29.4099 
6.0771 19.2011 29.3991 
6.2622 19.0205 29.2747 
6.3369 18.9100 29.1823 
6.3995 18.8132 29.1066 
6.4215 18.7817 29.0790 
6.4325 18.7649 29.0642 
6.6958 18.3377 28.7207 
6.7014 18.3299 28.7128 
6.8438 18.1052 28.4772 
6.9439 17.9180 28.3132 
6.9770 17.8700 28.2582 
6.9898 17.8514 28.2368 
7.2620 17.4662 27.7829 
7.2701 17.4505 27.7674 
7.2774 17.4367 27.7536 
7.5483 17.1197 27.3024 
7.5831 17.0454 27.2334 
7.6472 17.0166 27.1417 
8.0118 16.8546 26.6765 
8.0153 16.8508 26.6139 
8.0322 16.8595 26.5702 
8.2458 16.8667 26.2744 
8.4227 16.8549 26.0744 
8.7559 16.9670 25.7539 
8.7885 16.9811 25.7252 
8.8451 17.0397 25.6784 
8.8550 17.0582 25.6619 
9.0718 17.2482 25.4798 
9.0953 17.2762 25.4660 
9.1431 17.3441 25.4310 
9.2540 17.4997 25.3487 
9.3077 17.5678 25.3135 
9.4684 17.9359 25.2330 
9.4821 17.9678 25.2287 
9.5370 18.1339 25.1984 
9.6412 18.4853 25.1550 
9.6579 18.5467 25.1464 
9.7098 18.7608 25.1269 
9.7990 19.1155 25.0893 
9.8244 19.2241 25.0810 
9.8685 19.3956 25.0700 
9.9275 19.6036 25.0464 
9.9291 19.6093 25.0458 
10.0618 20.0166 25.0076 
10.1089 20.1211 24.9918 
10.1146 20.1362 24.9896 
10.1195 20.1486 24.9879 
10.1332 20.1863 24.9840 
10.3096 20.7425 24.9538 
10.3187 20.7760 24.9535 
10.3467 20.8852 24.9508 
10.4425 21.3255 24.9556 
10.4430 21.3270 24.9555 
10.4958 21.4890 24.9452 
10.5570 21.8797 24.9673 
10.5641 21.9458 24.9660 
10.5210 22.3744 25.0097 
10.5109 22.6150 25.0198 
10.4915 22.7022 25.0526 
10.4014 23.0289 25.1502 
10.3629 23.1986 25.1901 
10.3473 23.2703 25.2066 
10.3411 23.2910 25.2123 
10.3139 23.4094 25.2647 
10.3026 23.7840 25.3670 
10.3002 23.8542 25.3860 
10.3004 24.2194 25.4644 
10.3122 24.4361 25.4912 
10.3157 24.4933 25.4975 
10.2866 24.9165 25.5188 
10.2792 25.0411 25.4825 
10.2795 25.0449 25.4825 
10.2894 25.1705 25.4814 
10.3323 25.5611 25.4707 
10.3301 25.6159 25.4567 
10.3125 25.9506 25.3999 
10.3401 26.0691 25.3301 
10.3516 26.1139 25.3147 
10.4456 26.4116 25.2104 
10.5059 26.5386 25.1629 
10.5321 26.5934 25.1287 
10.5742 26.6882 25.0704 
10.5885 26.7203 25.0409 
10.7093 26.8096 24.9298 
10.8043 26.8658 24.8530 
10.8271 26.8788 24.8350 
10.9076 26.9142 24.7449 
11.0532 26.9513 24.6117 
11.1292 26.9568 24.5215 
11.2020 26.9563 24.4440 
11.3161 26.9433 24.3032 
11.6429 26.9735 23.7750 
11.6727 26.9746 23.7300 
11.7257 26.9876 23.6673 
11.7510 27.0019 23.6014 
12.0179 27.1053 22.7398 
12.0030 27.0993 22.6957 
11.9933 27.0953 22.6665 
12.0730 27.3187 21.9518 
12.0646 27.3581 21.8809 
12.0613 27.3728 21.8542 
12.0146 27.5306 21.4618 
12.0200 27.6674 21.1644 
12.0215 27.7245 21.0896 
11.9647 28.0157 20.6393 
11.9701 28.1092 20.4210 
11.9653 28.1415 20.3672 
11.9656 28.2454 20.2015 
11.9609 28.6123 19.6653 
11.9611 28.6386 19.6224 
11.9552 28.8209 19.3234 
11.9525 28.9113 19.1723 
11.9491 28.9369 19.1284 
11.9449 29.1683 18.4675 
11.9277 29.1953 18.3645 
11.9350 29.1816 18.2535 
11.9179 29.1258 17.8743 
11.9087 29.1063 17.5304 
11.9651 29.0955 17.1828 
12.0093 29.0526 16.8475 
12.0286 29.0415 16.7285 
12.0024 29.0907 16.0581 
11.9823 29.1114 15.6827 
11.9787 29.1164 15.5169 
11.9551 29.1367 15.4237 
11.9221 29.1655 15.2639 
11.6494 29.2647 14.2736 
11.6382 29.2680 14.2347 
11.5739 29.2643 14.0653 
11.5350 29.2612 14.0180 
11.5320 29.2608 14.0146 
11.1466 29.2198 13.5855 
11.0154 29.2114 13.4658 
10.9437 29.2200 13.4044 
10.8543 29.2228 13.3445 
10.4656 29.2047 12.9997 
10.3144 29.2141 12.8803 
10.2180 29.2093 12.8359 
10.2020 29.2069 12.8333 
10.0562 29.1898 12.8109 
9.8164 29.1378 12.7664 
9.8153 29.1376 12.7662 
9.4699 29.0727 12.7404 
9.3942 29.0564 12.7340 
9.3404 29.0380 12.7274 
9.3256 29.0348 12.7262 
9.0369 28.9608 12.7295 
9.0238 28.9570 12.7295 
8.7705 28.8742 12.7583 
8.7651 28.8723 12.7595 
8.6127 28.8076 12.7873 
8.4608 28.7669 12.8220 
8.2174 28.6897 12.8739 
8.0098 28.6212 12.9261 
7.9390 28.5945 12.9265 
7.9065 28.5777 12.9190 
7.8703 28.5647 12.9274 
7.3648 28.3584 13.0653 
7.3039 28.3316 13.0833 
7.2700 28.3317 13.0943 
7.0373 28.3472 13.1433 
6.9650 28.3521 13.1586 
6.5797 28.3780 13.2399 
6.5197 28.3811 13.3071 
6.5034 28.3820 13.3255 
6.1069 28.4026 13.7702 
6.0890 28.4035 13.7904 
5.8447 28.4525 14.0233 
5.5685 28.5702 14.3477 
5.4334 28.5935 14.4623 
5.3625 28.6068 14.5271 
5.0056 28.6872 14.8042 
4.9238 28.7002 14.8548 
4.8905 28.7048 14.8785 
4.7248 28.7238 15.0168 
4.4097 28.7191 15.2352 
4.3260 28.7130 15.2738 
4.0130 28.6943 15.4114 
3.8571 28.6947 15.4769 
3.7889 28.6831 15.5004 
3.7731 28.6806 15.5057 
3.7050 28.6503 15.5505 
3.2328 28.5075 15.6103 
2.8106 28.4434 15.6901 
2.7349 28.4174 15.6890 
2.7179 28.4139 15.6908 
2.6743 28.4093 15.6950 
2.2322 28.3581 15.7173 
2.2003 28.3545 15.7200 
1.9764 28.3343 15.7374 
1.7787 28.3155 15.7489 
1.7003 28.3093 15.7533 
1.4310 28.2856 15.7564 
1.4046 28.2970 15.7542 
1.1658 28.3821 15.6878 
1.0380 28.3995 15.5785 
1.0063 28.4055 15.5497 
0.8113 28.4184 15.3414 
0.6729 28.3502 15.0926 
0.6399 28.3325 15.0457 
0.3800 28.2228 14.7008 
0.2544 28.1708 14.5349 
0.2265 28.1572 14.4965 
0.1642 28.1288 14.3955 
0.0751 28.0598 14.2278 
-0.0467 27.9674 14.0204 
-0.1917 27.8433 13.7635 
-0.2002 27.8364 13.7487 
-0.3427 27.7234 13.5345 
-0.4258 27.6524 13.4062 
-0.5742 27.5305 13.2391 
-0.6455 27.4606 13.1534 
-0.6694 27.4481 13.1300 
-0.8112 27.3718 13.0343 
-1.0684 27.1950 12.8522 
-1.2293 27.0998 12.7417 
-1.2343 27.0968 12.7383 
-1.4978 26.9535 12.6411 
-1.6259 26.9077 12.5931 
% end
