% Curve 1: 502923, Curve; 
% Length=86.0677; NumberOfSegments=413; FullyAttached=Yes; Closed=Yes; 
% Units: mm
% begin
10.3714 22.7939 11.1667 
10.3974 22.7821 11.1648 
10.4691 22.7511 11.1596 
10.8327 22.5939 11.1688 
10.8587 22.5827 11.1724 
10.8765 22.5793 11.1745 
11.2674 22.4522 11.2259 
11.3972 22.4104 11.2485 
11.6022 22.3892 11.2772 
11.9576 22.3152 11.3328 
12.0706 22.3117 11.3473 
12.2293 22.3075 11.3716 
12.2321 22.3074 11.3722 
12.2662 22.3062 11.3798 
12.4952 22.2850 11.4336 
12.5254 22.2847 11.4403 
12.6210 22.2875 11.4856 
12.7311 22.2954 11.5711 
13.1551 22.3636 11.8950 
13.1834 22.3670 11.9168 
13.2185 22.3718 11.9480 
13.8111 22.4892 12.4709 
13.8165 22.4904 12.4764 
13.8248 22.4928 12.4850 
14.4094 22.6341 13.0906 
14.4284 22.6393 13.1131 
14.5360 22.6698 13.2404 
14.9579 22.8127 13.7383 
14.9842 22.8226 13.7752 
15.1363 22.8958 13.9888 
15.3250 23.0148 14.2562 
15.3542 23.0339 14.2977 
15.4128 23.0810 14.4151 
15.5243 23.1993 14.6480 
15.5333 23.2145 14.6849 
15.6188 23.3676 15.0449 
15.6273 23.3843 15.0817 
15.6549 23.5289 15.4604 
15.6980 23.7503 16.0432 
15.7000 23.7554 16.0617 
15.6967 23.8801 16.6056 
15.6981 23.9341 16.8756 
15.6907 23.9506 16.9726 
15.6633 23.8667 17.7532 
15.6883 23.8640 17.8780 
15.6887 23.8608 17.8906 
15.6945 23.8372 17.9692 
15.6948 23.8264 18.0046 
15.5324 23.4775 19.0924 
15.4849 23.3897 19.3538 
15.3862 23.2473 19.7706 
15.3392 23.1836 19.9424 
15.2086 22.9435 20.5418 
15.2125 22.9358 20.5666 
15.0964 22.7633 21.1227 
15.0913 22.7552 21.1458 
14.9657 22.5421 21.7566 
14.9332 22.4293 22.0027 
14.8398 22.3883 22.1260 
14.6974 22.1188 22.4679 
14.6812 22.0878 22.4939 
14.6143 21.8928 22.6686 
14.5419 21.6403 22.8587 
14.5324 21.6045 22.8860 
14.4812 21.2308 23.0541 
14.4740 21.1441 23.0820 
14.4702 21.1126 23.0917 
14.4287 20.7902 23.2023 
14.4111 20.6204 23.2472 
14.4056 20.5807 23.2619 
14.4006 20.5591 23.2696 
14.3165 20.1408 23.3754 
14.3084 20.1102 23.3826 
14.2516 19.9259 23.4472 
14.1623 19.6283 23.5446 
14.1252 19.5415 23.5693 
14.0187 19.3156 23.6540 
14.0007 19.2814 23.6707 
13.6485 18.7499 23.9073 
13.5995 18.6656 23.9354 
13.5837 18.6394 23.9450 
13.5787 18.6321 23.9472 
13.2528 18.2752 24.1254 
13.2453 18.2678 24.1285 
13.0741 18.0628 24.1884 
13.0588 18.0415 24.1930 
12.9610 17.9060 24.2217 
12.8953 17.7942 24.2342 
12.8891 17.7826 24.2350 
12.6922 17.4271 24.2547 
12.6766 17.3963 24.2552 
12.6727 17.3880 24.2556 
12.4738 16.9242 24.2617 
12.4569 16.8822 24.2613 
12.4450 16.8466 24.2633 
12.3032 16.4248 24.2886 
12.2781 16.3475 24.2923 
12.2506 16.2279 24.3084 
12.1726 15.9367 24.3597 
12.1648 15.9067 24.3646 
12.1080 15.4939 24.4760 
12.1044 15.4755 24.4823 
12.1040 15.4706 24.4846 
12.1025 15.4436 24.4960 
12.0991 15.0359 24.6287 
12.0990 15.0294 24.6310 
12.1257 14.7048 24.7644 
12.1317 14.5906 24.8208 
12.1318 14.5880 24.8221 
12.1488 14.4395 24.9020 
12.1869 14.1390 25.0491 
12.1885 14.1277 25.0547 
12.2192 13.8921 25.1808 
12.2484 13.6501 25.3216 
12.2489 13.6461 25.3239 
12.2749 13.2593 25.5457 
12.2824 13.1588 25.5998 
12.2822 13.1496 25.6045 
12.2811 13.0831 25.6396 
12.2713 12.6607 25.8759 
12.2617 12.5852 25.9164 
12.2246 12.2888 26.0728 
12.2020 12.1187 26.1688 
12.1763 12.0041 26.2315 
12.1085 11.7020 26.3957 
12.1011 11.6671 26.4134 
12.0972 11.6494 26.4226 
12.0232 11.4241 26.5363 
12.0218 11.4197 26.5382 
12.0085 11.3880 26.5518 
11.9060 11.1424 26.6529 
11.8877 11.0993 26.6713 
11.8845 11.0927 26.6742 
11.8648 11.0500 26.6901 
11.6011 10.4905 26.9114 
11.5938 10.4754 26.9180 
11.5573 10.4063 26.9476 
11.3011 9.9181 27.1523 
11.2928 9.9038 27.1603 
11.2208 9.7868 27.2250 
10.9969 9.4117 27.4118 
10.9616 9.3587 27.4379 
10.7773 9.1121 27.6259 
10.5695 8.8232 27.8194 
10.5433 8.7941 27.8561 
10.2096 8.4085 28.3380 
10.1717 8.3595 28.3929 
10.1189 8.3188 28.5254 
9.8993 8.1174 29.1349 
9.8600 8.0895 29.2281 
9.8236 8.0997 29.4123 
9.6704 8.1559 29.9942 
9.6135 8.1797 30.2166 
9.6071 8.1990 30.2761 
9.4980 8.4101 30.7965 
9.4579 8.4592 30.8680 
9.3874 8.5449 30.9937 
9.3453 8.5870 31.0296 
9.1379 8.8617 31.2217 
9.0849 8.9300 31.2704 
9.0604 8.9580 31.2834 
8.7683 9.2134 31.4340 
8.7614 9.2190 31.4375 
8.7209 9.2505 31.4508 
8.3555 9.4689 31.5708 
8.3426 9.4764 31.5739 
8.3301 9.4836 31.5768 
7.8365 9.6780 31.6941 
7.8159 9.6864 31.7017 
7.8044 9.6911 31.7060 
7.7155 9.7027 31.7333 
7.2886 9.7580 31.8436 
7.1797 9.7128 31.8831 
6.8247 9.7163 31.9568 
6.7945 9.7128 31.9609 
6.6529 9.7088 31.9617 
6.4831 9.6764 31.9479 
6.4401 9.6648 31.9523 
6.1673 9.5656 31.9635 
6.0144 9.4682 31.9425 
5.9830 9.4515 31.9404 
5.8463 9.4016 31.9138 
5.5161 9.2618 31.8285 
5.4420 9.2356 31.8049 
5.1780 9.1494 31.7289 
5.0281 9.1110 31.6982 
4.9286 9.0910 31.6735 
4.6438 9.0564 31.6310 
4.6412 9.0561 31.6306 
4.5922 9.0612 31.6369 
4.5140 9.0849 31.6341 
4.3525 9.1664 31.6009 
4.1429 9.5381 31.8124 
4.1398 9.5451 31.8152 
4.1266 9.5710 31.8245 
3.9887 9.9487 32.0091 
3.9977 10.0656 32.0808 
4.0233 10.3325 32.2319 
4.0120 10.3973 32.2603 
4.0133 10.4123 32.2687 
4.0754 10.8762 32.4279 
4.0753 10.8806 32.4292 
4.0748 10.9067 32.4350 
4.0759 11.4457 32.5582 
4.0867 11.4847 32.5703 
4.1068 11.5624 32.5997 
4.1709 11.8028 32.6781 
4.1729 11.9770 32.7341 
4.1744 12.0149 32.7446 
4.1576 12.2722 32.7954 
4.1451 12.3412 32.8030 
4.1306 12.4323 32.8109 
4.0634 12.6443 32.8076 
4.0549 12.6858 32.7991 
4.0477 12.8889 32.7665 
3.9750 13.0278 32.7270 
3.9636 13.0508 32.7242 
3.8538 13.3144 32.6914 
3.8060 13.3990 32.6818 
3.7589 13.4587 32.6761 
3.6138 13.6376 32.6376 
3.5704 13.6975 32.6250 
3.3296 13.8570 32.5808 
3.2683 13.9006 32.5186 
3.2360 13.9285 32.4836 
2.9865 14.1547 32.0244 
2.9162 14.2275 31.9174 
2.7447 14.3462 31.6555 
2.5513 14.4922 31.2758 
2.3156 14.6577 30.8190 
2.1636 14.7534 30.5299 
2.0900 14.8020 30.3755 
1.8484 14.9290 29.8812 
1.8035 14.9583 29.7939 
1.5343 15.0956 29.2385 
1.5001 15.0980 29.1985 
1.4238 15.1158 29.0407 
1.2224 15.1694 28.6278 
1.1851 15.1765 28.5666 
1.0612 15.1992 28.3628 
1.0328 15.2028 28.3246 
0.9463 15.1954 28.1999 
0.8161 15.2058 28.0217 
0.6207 15.2193 27.7632 
0.4024 15.1716 27.4288 
0.3625 15.1653 27.3561 
0.2942 15.1627 27.2666 
0.2461 15.1822 27.2048 
0.2456 15.1861 27.1923 
0.0014 15.1622 26.7656 
-0.1192 15.1501 26.5558 
-0.2003 15.1767 26.4121 
-0.3907 15.1406 26.1039 
-0.5307 15.1237 25.8570 
-0.5851 15.1242 25.7694 
-0.6790 15.1640 25.6628 
-0.7192 15.1927 25.5961 
-0.7824 15.2380 25.4914 
-0.9857 15.3628 25.1921 
-1.1129 15.3980 25.1511 
-1.5479 16.0179 24.6102 
-1.5664 16.1328 24.5558 
-1.5701 16.1550 24.5452 
-1.7141 16.7352 24.2989 
-1.7383 16.8005 24.2983 
-1.7446 16.8426 24.2885 
-1.7762 17.1853 24.1930 
-1.7828 17.2509 24.1740 
-1.7836 17.2649 24.1694 
-1.7839 17.2808 24.1647 
-1.7768 17.5486 24.0999 
-1.7663 17.6719 24.0627 
-1.7338 17.9568 23.9855 
-1.7261 18.0173 23.9700 
-1.7227 18.0538 23.9591 
-1.6712 18.4589 23.8227 
-1.6672 18.4824 23.8136 
-1.6667 18.4856 23.8121 
-1.6657 18.4954 23.8076 
-1.6148 18.9372 23.6091 
-1.6070 18.9843 23.5850 
-1.5879 19.1346 23.5014 
-1.5719 19.2827 23.4158 
-1.5298 19.5066 23.2662 
-1.5070 19.6377 23.1762 
-1.4881 19.7239 23.1128 
-1.4480 20.0561 22.8289 
-1.3826 20.3752 22.5885 
-1.3362 20.6126 22.4071 
-1.2790 20.9417 22.1656 
-1.2708 21.0113 22.1106 
-1.2704 21.0177 22.1061 
-1.2675 21.0549 22.0801 
-1.2613 21.1153 22.0392 
-1.2487 21.4262 21.8104 
-1.2521 21.6319 21.6755 
-1.2568 21.7645 21.5860 
-1.2583 21.7797 21.5769 
-1.2805 22.2375 21.3251 
-1.2820 22.2537 21.3166 
-1.2759 22.3091 21.2924 
-1.2686 22.7299 21.1190 
-1.2618 22.8492 21.0724 
-1.2552 22.9013 21.0553 
-1.2237 23.2215 20.9612 
-1.2227 23.2320 20.9582 
-1.2068 23.4313 20.9066 
-1.2008 23.6092 20.8539 
-1.1996 23.6554 20.8407 
-1.1305 24.1291 20.7495 
-1.1300 24.1325 20.7489 
-1.1185 24.2042 20.7330 
-1.0369 24.6174 20.6519 
-1.0283 24.6550 20.6428 
-1.0070 24.7789 20.6084 
-0.9592 25.1294 20.5027 
-0.9190 25.2876 20.4670 
-0.9137 25.3139 20.4603 
-0.8269 25.6594 20.3465 
-0.7783 25.9447 20.2392 
-0.7748 25.9586 20.2318 
-0.7365 26.0632 20.1833 
-0.6879 26.2452 20.0897 
-0.6593 26.3390 20.0433 
-0.5403 26.6325 19.8416 
-0.4267 26.8770 19.6795 
-0.3974 26.9592 19.6213 
-0.3057 27.1689 19.4312 
-0.1698 27.4392 19.1913 
-0.1119 27.5383 19.0834 
0.0248 27.8153 18.7759 
0.1482 28.0466 18.5214 
0.1961 28.1449 18.4122 
0.2468 28.2279 18.2904 
0.3027 28.3267 18.1447 
0.4765 28.5666 17.6716 
0.5697 28.7476 17.3032 
0.5802 28.7655 17.2673 
0.6843 28.8837 16.9237 
0.7125 28.9171 16.8258 
0.7743 28.9574 16.6253 
0.8666 29.0247 16.2862 
1.0814 29.1665 15.5487 
1.1871 29.2311 15.2459 
1.3348 29.2776 14.8604 
1.4919 29.3235 14.3990 
1.5300 29.3109 14.3279 
1.5653 29.2997 14.2635 
1.6056 29.2885 14.1933 
1.6087 29.2876 14.1879 
1.9171 29.0844 13.8234 
1.9484 29.0594 13.7938 
1.9598 29.0489 13.7818 
1.9643 29.0443 13.7765 
2.2073 28.7750 13.4744 
2.2537 28.7409 13.4335 
2.3586 28.6440 13.3645 
2.3665 28.6322 13.3554 
2.4012 28.5743 13.3197 
2.5112 28.4053 13.2183 
2.5478 28.3468 13.1829 
2.6717 28.1538 13.0608 
2.6750 28.1501 13.0587 
2.7835 28.0289 12.9826 
3.0006 27.8005 12.8443 
3.0914 27.6909 12.7723 
3.1328 27.6390 12.7377 
3.1636 27.6090 12.7204 
3.3856 27.4004 12.5923 
3.3974 27.3902 12.5851 
3.5195 27.2769 12.5011 
3.6648 27.1544 12.4169 
3.6933 27.1317 12.3998 
3.9969 26.8978 12.2288 
4.0286 26.8752 12.2136 
4.0770 26.8422 12.1896 
4.5015 26.5603 11.9890 
4.5040 26.5586 11.9879 
4.5113 26.5541 11.9847 
4.8929 26.3156 11.8158 
4.9034 26.3091 11.8112 
5.0355 26.2315 11.7623 
5.2748 26.0848 11.6639 
5.3349 26.0506 11.6432 
5.3500 26.0410 11.6385 
5.7280 25.7943 11.5106 
5.8143 25.7425 11.4881 
5.8550 25.7148 11.4790 
6.1937 25.4865 11.4061 
6.2876 25.4253 11.3885 
6.3651 25.3680 11.3776 
6.6864 25.1300 11.3321 
6.7926 25.0528 11.3187 
6.8579 24.9984 11.3143 
7.1223 24.7913 11.2978 
7.2648 24.6442 11.2739 
7.2800 24.6325 11.2738 
7.7069 24.3090 11.2627 
7.7157 24.3033 11.2631 
8.1978 23.9893 11.2867 
8.2286 23.9693 11.2882 
8.6797 23.7566 11.3093 
8.9189 23.6319 11.3155 
8.9795 23.6115 11.3232 
9.2412 23.5421 11.3161 
9.3140 23.5025 11.3071 
9.3778 23.4684 11.2971 
9.6373 23.2855 11.2448 
9.6518 23.2758 11.2420 
9.6867 23.2518 11.2366 
9.7138 23.2414 11.2246 
9.8706 23.0627 11.2014 
9.9796 22.9409 11.1958 
10.3714 22.7939 11.1667 
% end
