% Curve 1: 503059, Curve; 
% Length=96.7466; NumberOfSegments=488; FullyAttached=Yes; Closed=Yes; 
% Units: mm
% begin
10.9726 25.8913 7.0427 
10.8232 25.9588 7.0700 
10.7747 25.9790 7.0799 
10.4566 26.1357 7.1725 
10.3913 26.1643 7.2066 
10.3455 26.1713 7.2279 
10.2151 26.2482 7.2682 
9.9303 26.3861 7.3641 
9.9191 26.3918 7.3685 
9.6445 26.5103 7.4569 
9.6199 26.5082 7.4850 
9.5497 26.5322 7.4981 
9.5334 26.5356 7.5093 
9.2327 26.5703 7.5844 
9.2057 26.5889 7.5934 
8.9328 26.7621 7.6250 
8.9240 26.7668 7.6227 
8.8111 26.8109 7.6312 
8.7778 26.8242 7.6327 
8.7276 26.8535 7.6384 
8.3708 27.0660 7.6804 
8.3423 27.0843 7.6806 
8.1832 27.1848 7.6809 
8.1133 27.2312 7.6817 
7.9199 27.3643 7.6737 
7.7593 27.4507 7.6592 
7.6241 27.5184 7.6573 
7.5231 27.5733 7.6576 
7.4686 27.5984 7.6654 
7.3497 27.6362 7.6741 
7.2512 27.6677 7.6814 
7.1749 27.6845 7.7031 
6.9102 27.7047 7.7523 
6.8611 27.7062 7.7639 
6.5699 27.7421 7.8628 
6.4852 27.7436 7.8819 
6.4270 27.7458 7.8941 
6.2592 27.7576 7.9367 
6.0219 27.7817 8.0074 
6.0161 27.7822 8.0091 
5.8704 27.8214 8.0351 
5.6815 27.9107 8.0423 
5.6206 27.9387 8.0436 
5.6060 27.9449 8.0434 
5.5308 27.9799 8.0455 
5.2399 28.1453 8.0374 
5.2214 28.1551 8.0361 
5.2105 28.1609 8.0353 
4.9156 28.3281 8.0052 
4.8376 28.3727 7.9979 
4.7754 28.4072 7.9926 
4.5013 28.5577 7.9678 
4.4724 28.5742 7.9660 
4.2756 28.6797 7.9574 
4.1095 28.7716 7.9543 
4.0862 28.7840 7.9541 
3.7729 28.9560 7.9584 
3.7249 28.9842 7.9618 
3.6811 29.0096 7.9651 
3.2886 29.2378 8.0000 
3.2812 29.2439 7.9999 
3.2795 29.2451 8.0000 
2.8725 29.4834 8.0549 
2.8344 29.5064 8.0613 
2.8219 29.5136 8.0635 
2.4898 29.7001 8.1138 
2.4738 29.7093 8.1164 
2.4369 29.7292 8.1231 
2.1659 29.8610 8.1475 
2.1600 29.8637 8.1480 
1.9635 29.9647 8.1813 
1.7506 30.0616 8.1992 
1.7488 30.0625 8.1995 
1.4515 30.2277 8.2460 
1.3826 30.2621 8.2521 
1.3352 30.2883 8.2545 
0.9697 30.5064 8.2895 
0.9457 30.5188 8.2899 
0.9041 30.5428 8.2884 
0.5905 30.7372 8.2893 
0.5787 30.7450 8.2890 
0.2583 30.9382 8.2626 
0.1962 30.9745 8.2565 
0.1927 30.9768 8.2564 
0.1804 30.9860 8.2557 
-0.3484 31.2703 8.1481 
-0.3622 31.2798 8.1469 
-0.3685 31.2843 8.1462 
-0.3912 31.2993 8.1434 
-0.9107 31.5112 8.0210 
-0.9430 31.5320 8.0168 
-0.9970 31.5665 8.0106 
-1.2913 31.6973 7.9602 
-1.3807 31.7361 7.9476 
-1.4939 31.8138 7.9381 
-1.7406 31.9737 7.9152 
-1.8397 32.0372 7.9083 
-1.9331 32.0995 7.9022 
-1.9849 32.1312 7.8983 
-2.1950 32.2582 7.8878 
-2.2104 32.2677 7.8865 
-2.4317 32.3550 7.8590 
-2.4800 32.3751 7.8487 
-2.5652 32.4171 7.8305 
-2.7583 32.4255 7.7881 
-2.8718 32.4308 7.7664 
-3.1282 32.5215 7.7068 
-3.2042 32.5421 7.6900 
-3.3140 32.5727 7.6730 
-3.5382 32.6007 7.6424 
-3.8080 32.6836 7.5995 
-3.9115 32.7180 7.6284 
-3.9510 32.7294 7.6394 
-4.0460 32.7601 7.7278 
-4.1766 32.8437 7.8607 
-4.3039 32.9164 7.9878 
-4.5100 33.0397 8.2835 
-4.8060 33.2560 8.7289 
-4.9166 33.3301 8.8919 
-5.1147 33.4612 9.1828 
-5.2419 33.5483 9.4057 
-5.3093 33.5848 9.5171 
-5.3575 33.6106 9.6068 
-5.3918 33.6308 9.6721 
-5.7682 33.8334 10.3733 
-5.8046 33.8530 10.4478 
-5.8332 33.8692 10.5071 
-5.9417 33.9118 10.7178 
-6.1947 34.0131 11.2869 
-6.3544 34.1127 11.6798 
-6.5159 34.1847 12.0319 
-6.6761 34.2308 12.3826 
-6.7596 34.2548 12.5668 
-6.8932 34.2938 12.8619 
-6.9913 34.3358 13.0849 
-7.0820 34.3740 13.2787 
-7.1447 34.3828 13.4019 
-7.2276 34.3950 13.5577 
-7.5515 34.4843 14.1960 
-7.5597 34.4864 14.2138 
-7.5957 34.4823 14.2767 
-7.8021 34.5057 14.6884 
-7.8968 34.5158 14.8804 
-8.2331 34.5216 15.5248 
-8.2402 34.5214 15.5395 
-8.2623 34.5155 15.5776 
-8.4112 34.4925 15.8385 
-8.7258 34.4297 16.3966 
-8.7482 34.4233 16.4665 
-8.7595 34.4230 16.4916 
-9.1579 34.3009 17.1861 
-9.2776 34.2701 17.4050 
-9.3311 34.2519 17.5122 
-9.3905 34.2260 17.6195 
-9.5461 34.1358 17.9406 
-9.8014 33.9936 18.4821 
-9.8072 33.9902 18.4945 
-9.8992 33.9300 18.7016 
-10.1768 33.7531 19.3455 
-10.1846 33.7471 19.3654 
-10.2566 33.6895 19.5387 
-10.4829 33.5062 20.0713 
-10.5101 33.4790 20.1440 
-10.6659 33.3198 20.5356 
-10.7322 33.2533 20.7115 
-10.8466 33.1037 21.0693 
-10.8839 33.0544 21.1743 
-10.9464 32.9396 21.3943 
-11.0701 32.7126 21.8264 
-11.0743 32.7005 21.8471 
-11.2146 32.3004 22.5298 
-11.2101 32.2434 22.6039 
-11.2064 32.1600 22.7053 
-11.2062 32.1456 22.7217 
-11.0761 31.6946 23.1153 
-11.0411 31.5474 23.2330 
-11.0065 31.4450 23.3037 
-10.9448 31.1727 23.4523 
-10.9242 31.0855 23.5010 
-10.8382 30.8801 23.5851 
-10.8088 30.8070 23.6139 
-10.7971 30.7831 23.6215 
-10.6414 30.3155 23.6864 
-10.6221 30.2773 23.6992 
-10.6137 30.2418 23.7002 
-10.6117 30.2349 23.7000 
-10.5739 30.1251 23.7135 
-10.4247 29.6752 23.7215 
-10.4079 29.6327 23.7210 
-10.2614 29.2482 23.7204 
-10.2249 29.1652 23.7112 
-10.2137 29.1289 23.7057 
-10.2043 29.0953 23.7012 
-10.0757 28.6253 23.6344 
-10.0539 28.5424 23.6214 
-9.9915 28.3132 23.5835 
-9.9340 28.1077 23.5512 
-9.9143 28.0416 23.5397 
-9.7381 27.4618 23.4432 
-9.7342 27.4492 23.4412 
-9.7316 27.4406 23.4400 
-9.7124 27.3869 23.4343 
-9.7066 27.3548 23.4348 
-9.5370 26.7954 23.3398 
-9.5062 26.7167 23.3340 
-9.5022 26.7024 23.3315 
-9.4815 26.6353 23.3177 
-9.2687 26.2276 23.2878 
-9.2514 26.1973 23.2865 
-9.2178 26.1441 23.2803 
-9.0389 25.8269 23.2426 
-8.9791 25.7773 23.2425 
-8.9441 25.7398 23.2488 
-8.8624 25.6167 23.2422 
-8.8283 25.5629 23.2404 
-8.8193 25.5502 23.2408 
-8.6886 25.3590 23.2475 
-8.5446 25.1226 23.2433 
-8.5246 25.0926 23.2440 
-8.3146 24.7899 23.2427 
-8.2798 24.7249 23.2366 
-8.2742 24.7130 23.2366 
-8.2025 24.5781 23.2433 
-8.1182 24.3578 23.2300 
-8.1083 24.3345 23.2277 
-7.9973 23.9583 23.1440 
-7.9830 23.9073 23.1321 
-7.9764 23.8795 23.1269 
-7.8781 23.3303 23.0048 
-7.8761 23.3310 23.0012 
-7.8745 23.3138 22.9993 
-7.8743 23.3112 22.9990 
-7.8735 23.3076 22.9988 
-7.8239 22.9701 22.9710 
-7.8218 22.9346 22.9734 
-7.8133 22.8535 22.9817 
-7.8109 22.7154 22.9874 
-7.8153 22.6630 22.9966 
-7.7940 22.2957 23.0997 
-7.7906 22.2148 23.1214 
-7.7903 22.2101 23.1227 
-7.7882 22.0589 23.1695 
-7.7966 21.7323 23.2591 
-7.7966 21.7245 23.2616 
-7.7948 21.5278 23.3216 
-7.7772 21.0951 23.4685 
-7.7729 21.0440 23.4837 
-7.7290 20.6619 23.6118 
-7.6899 20.4614 23.6980 
-7.6153 20.1668 23.8100 
-7.5901 20.0724 23.8476 
-7.5667 20.0053 23.8696 
-7.4911 19.8459 23.9379 
-7.3243 19.4603 24.1134 
-7.2560 19.3294 24.1843 
-7.0968 19.0260 24.3479 
-7.0685 18.9715 24.3769 
-7.0621 18.9593 24.3834 
-7.0386 18.9137 24.4073 
-6.8771 18.6174 24.5752 
-6.7892 18.4524 24.6697 
-6.5908 18.0608 24.8843 
-6.5200 17.9401 24.9567 
-6.4877 17.8829 24.9924 
-6.3961 17.7196 25.0947 
-6.2873 17.5199 25.2130 
-6.2366 17.4441 25.2554 
-6.1493 17.3243 25.3412 
-5.9154 17.0181 25.5893 
-5.8098 16.9186 25.7476 
-5.7583 16.8743 25.8198 
-5.6550 16.7868 25.9679 
-5.5466 16.7162 26.0992 
-5.4236 16.6974 26.3420 
-5.3231 16.6762 26.5312 
-5.2975 16.6683 26.5863 
-5.0727 16.5804 26.8421 
-5.0368 16.5774 26.8771 
-4.8740 16.5617 27.0456 
-4.7804 16.5645 27.1476 
-4.6656 16.5481 27.2644 
-4.4592 16.5226 27.4611 
-4.4439 16.5234 27.4763 
-4.4392 16.5233 27.4810 
-4.4356 16.5232 27.4845 
-4.2489 16.5167 27.6602 
-4.1669 16.5136 27.7404 
-4.0175 16.5708 27.9033 
-3.9197 16.6078 28.0222 
-3.8444 16.6156 28.1050 
-3.7738 16.6130 28.1785 
-3.6374 16.6237 28.3269 
-3.4563 16.6367 28.5236 
-3.3108 16.6479 28.6771 
-3.1473 16.6473 28.8456 
-2.9045 16.6814 29.1063 
-2.9025 16.6815 29.1085 
-2.7295 16.6900 29.2579 
-2.7087 16.6916 29.2760 
-2.3070 16.7304 29.5403 
-2.2820 16.7247 29.5556 
-2.2524 16.7301 29.5755 
-2.1885 16.7337 29.6172 
-1.8587 16.7535 29.7972 
-1.7973 16.7609 29.8310 
-1.5708 16.7888 29.9370 
-1.4554 16.7630 29.9831 
-1.3537 16.7588 30.0274 
-1.2657 16.7563 30.0607 
-1.2053 16.7697 30.0903 
-1.0183 16.8205 30.1605 
-0.8389 16.7801 30.1883 
-0.7766 16.7717 30.2004 
-0.3506 16.7220 30.2610 
-0.3035 16.7172 30.2556 
-0.2830 16.7089 30.2562 
-0.2313 16.6967 30.2694 
0.1053 16.5555 30.2636 
0.1978 16.5211 30.2533 
0.3898 16.4405 30.2271 
0.5902 16.3246 30.1832 
0.7020 16.2778 30.1680 
0.9224 16.1919 30.1276 
0.9477 16.1784 30.1206 
0.9765 16.1643 30.1111 
1.0935 16.1220 30.0822 
1.3672 15.9967 29.9972 
1.4171 15.9815 29.9867 
1.4701 15.9695 29.9685 
1.6203 15.9195 29.9058 
1.7672 15.8818 29.8268 
2.1240 15.8415 29.6777 
2.1610 15.8365 29.6607 
2.1997 15.8377 29.6480 
2.5034 15.8297 29.5344 
2.5343 15.8318 29.5251 
2.6339 15.8324 29.5048 
2.8639 15.8117 29.4914 
2.8731 15.8105 29.4906 
2.8771 15.8100 29.4902 
2.8891 15.8091 29.4897 
2.9283 15.8062 29.4877 
3.1761 15.7756 29.4920 
3.2859 15.7595 29.4974 
3.4389 15.7379 29.5057 
3.6347 15.7041 29.5116 
3.6687 15.6971 29.5118 
3.9186 15.6504 29.5071 
4.0109 15.6330 29.5052 
4.0666 15.6175 29.5004 
4.0867 15.6127 29.4993 
4.2709 15.5802 29.4735 
4.4223 15.5634 29.4386 
4.6283 15.5329 29.3854 
4.7746 15.5137 29.3493 
4.9556 15.4928 29.2979 
5.0703 15.4785 29.2646 
5.1427 15.4710 29.2413 
5.2877 15.4643 29.2013 
5.5281 15.4431 29.1269 
5.7047 15.4427 29.0844 
5.8709 15.4480 29.0369 
5.8942 15.4491 29.0305 
5.8976 15.4495 29.0297 
5.9157 15.4527 29.0240 
6.1430 15.4852 28.9438 
6.2606 15.5101 28.8926 
6.5404 15.5742 28.7750 
6.5607 15.5787 28.7663 
6.6266 15.5980 28.7320 
6.7561 15.6336 28.6628 
6.9941 15.7027 28.5389 
6.9979 15.7038 28.5369 
7.1374 15.7570 28.4492 
7.2519 15.7943 28.3718 
7.3476 15.8318 28.2986 
7.6933 15.9681 28.0352 
7.7053 15.9717 28.0248 
7.7082 15.9728 28.0227 
7.7379 15.9844 28.0009 
8.1169 16.1221 27.7136 
8.2235 16.1670 27.6372 
8.2707 16.1862 27.6030 
8.6079 16.3035 27.3876 
8.6979 16.3312 27.3273 
8.7610 16.3558 27.2890 
8.8054 16.3691 27.2675 
9.1666 16.4573 27.0776 
9.2129 16.4670 27.0520 
9.4619 16.4955 26.9516 
9.5240 16.4933 26.9203 
9.5730 16.4885 26.9018 
9.7229 16.4894 26.8555 
10.0326 16.4566 26.7369 
10.0571 16.4557 26.7287 
10.2976 16.4435 26.6534 
10.5273 16.4287 26.5792 
10.6301 16.4206 26.5448 
10.6695 16.4179 26.5312 
11.1343 16.4124 26.3878 
11.1717 16.4091 26.3746 
11.1867 16.4097 26.3704 
11.1934 16.4104 26.3680 
11.5485 16.4566 26.2434 
11.5978 16.4670 26.2186 
11.6134 16.4717 26.2115 
11.7711 16.5335 26.1465 
11.9092 16.6038 26.0603 
12.1698 16.8292 25.9279 
12.1876 16.8434 25.9155 
12.4852 17.1975 25.7204 
12.4902 17.2042 25.7158 
12.4934 17.2081 25.7129 
12.7383 17.5910 25.4772 
12.7582 17.6252 25.4523 
12.7897 17.6751 25.4140 
12.8923 17.8746 25.2787 
12.9993 18.1003 25.1062 
13.1093 18.3730 24.9118 
13.2018 18.6066 24.7465 
13.2552 18.8021 24.6257 
13.2861 18.9212 24.5480 
13.3144 19.0251 24.4793 
13.3446 19.1447 24.3944 
13.3958 19.4891 24.1752 
13.4426 19.7348 24.0115 
13.4627 19.8451 23.9387 
13.4721 19.9139 23.8866 
13.4935 20.0879 23.7569 
13.5074 20.3530 23.5207 
13.5436 20.7171 23.1806 
13.5480 20.7449 23.1532 
13.5739 20.9556 22.9298 
13.6514 21.4369 22.4002 
13.6534 21.4463 22.3892 
13.6609 21.4841 22.3422 
13.6730 21.5624 22.2485 
13.7510 22.0009 21.7128 
13.7677 22.1809 21.5090 
13.7716 22.2663 21.4029 
13.7787 22.3583 21.2852 
13.7814 22.5692 20.9815 
13.7385 22.9901 20.4259 
13.7383 22.9941 20.4204 
13.7152 23.2463 20.0419 
13.6687 23.5020 19.6763 
13.6411 23.6165 19.4884 
13.5432 23.9786 18.8988 
13.5366 24.0438 18.7872 
13.5309 24.0907 18.6991 
13.5042 24.2008 18.5015 
13.5027 24.2035 18.4918 
13.4450 24.4846 17.9711 
13.4314 24.5887 17.7756 
13.3983 24.7024 17.5682 
13.3008 24.9993 16.9729 
13.2639 25.1249 16.7200 
13.2515 25.1615 16.6365 
13.2369 25.1960 16.5804 
13.2046 25.2419 16.4745 
12.9764 25.6135 15.6265 
12.9420 25.6619 15.4965 
12.8355 25.8124 15.0735 
12.8346 25.8220 15.0637 
12.7300 25.9374 14.5826 
12.7220 25.9500 14.5246 
12.6857 25.9733 14.3079 
12.6160 26.0203 13.8569 
12.5393 26.0415 13.4021 
12.5375 26.0512 13.3285 
12.5127 26.0354 13.1410 
12.4110 25.9686 12.0372 
12.4116 25.9726 12.0269 
12.2769 26.0062 11.4487 
12.1506 26.0416 10.8950 
12.0386 26.0188 10.0984 
11.9265 25.9810 9.5097 
11.9413 26.0159 9.1768 
11.9563 26.0512 8.8414 
11.9696 26.0269 8.7024 
11.7527 25.8955 7.6512 
11.6951 25.8729 7.4492 
11.5964 25.7833 7.2454 
11.4945 25.6750 7.0857 
11.4886 25.6729 7.0824 
11.4231 25.6637 7.0338 
11.2714 25.7107 7.0174 
11.2407 25.7259 7.0221 
10.9726 25.8913 7.0427 
% end
