% Curve 1: 503496, Curve; 
% Length=99.0105; NumberOfSegments=358; FullyAttached=Yes; Closed=Yes; 
% Units: mm
% begin
5.4690 29.3485 6.0589 
5.7912 29.1404 6.1107 
5.8722 29.1107 6.1413 
6.2549 28.9653 6.2337 
6.5228 28.8919 6.2940 
6.7217 28.8391 6.3579 
6.9041 28.7729 6.4203 
6.9578 28.7544 6.4445 
7.1784 28.7188 6.5361 
7.4612 28.6074 6.6663 
7.4824 28.5990 6.6758 
7.7297 28.4080 6.7981 
7.7790 28.3695 6.8267 
7.9825 28.2056 6.9461 
8.2655 27.9676 7.1142 
8.2913 27.9481 7.1290 
8.6019 27.7127 7.3045 
8.6467 27.6790 7.3280 
8.8459 27.5284 7.4329 
9.1036 27.3128 7.5722 
9.2330 27.2047 7.6404 
9.9467 26.5918 8.0189 
9.9551 26.5828 8.0238 
9.9584 26.5800 8.0255 
9.9645 26.5764 8.0285 
10.0026 26.5611 8.0456 
10.0857 26.5248 8.0618 
10.5141 26.3304 8.2069 
10.7081 26.2442 8.2587 
10.9543 26.2140 8.3284 
11.3168 26.1714 8.4170 
11.3647 26.1710 8.4319 
11.4980 26.2082 8.4808 
11.5245 26.2127 8.4990 
12.0238 26.2559 8.5944 
12.1096 26.2630 8.6087 
12.6830 26.3439 8.7037 
12.7989 26.3305 8.7212 
12.8678 26.3441 8.7305 
12.8828 26.3524 8.7446 
13.3579 26.3164 8.8509 
13.5266 26.2882 8.8979 
13.5634 26.2819 8.9070 
14.1574 26.2244 9.0462 
14.1681 26.2224 9.0432 
14.1782 26.2225 9.0432 
14.9214 26.2346 9.2275 
15.0146 26.2428 9.2491 
15.0457 26.2553 9.2555 
15.1117 26.2840 9.2899 
15.5055 26.3816 9.4273 
15.6560 26.4206 9.4902 
15.9958 26.5902 9.6279 
16.0152 26.6010 9.6358 
16.6088 26.9513 9.9669 
16.6108 26.9525 9.9681 
16.6212 26.9590 9.9745 
16.6277 26.9647 9.9784 
16.6900 27.0089 10.0244 
16.7176 27.0310 10.0525 
17.4170 27.4422 10.4673 
17.4191 27.4434 10.4687 
17.6432 27.5851 10.6244 
18.0428 27.7616 10.9161 
18.1255 27.7992 10.9799 
18.4760 28.0229 11.2426 
18.5852 28.0787 11.3260 
18.6399 28.0926 11.3695 
18.8297 28.1472 11.5498 
18.8937 28.1678 11.6208 
19.0200 28.1779 11.7516 
19.1767 28.1862 11.9508 
19.3302 28.1985 12.1726 
19.6140 28.2960 12.5665 
19.6693 28.3007 12.6464 
19.7568 28.3091 12.7841 
20.1774 28.3407 13.4469 
20.2127 28.3379 13.5027 
20.3053 28.3305 13.6573 
20.8045 28.4569 14.5087 
20.8101 28.4584 14.5221 
20.9980 28.4929 14.8373 
21.0483 28.5117 14.9235 
21.0543 28.5154 14.9340 
21.1367 28.5756 15.1188 
21.3615 28.6644 15.5745 
21.4888 28.7162 15.8128 
21.6395 28.7298 16.0599 
21.6854 28.7167 16.2858 
21.7482 28.6434 16.4407 
21.8165 28.6131 16.5406 
22.0512 28.3900 16.9283 
22.2670 28.1506 17.2071 
22.3015 28.0971 17.2635 
22.4922 27.7920 17.6288 
22.5388 27.7220 17.6895 
22.6352 27.5251 17.8354 
22.6912 27.2929 18.1328 
22.6922 26.9596 18.4523 
22.6969 26.8697 18.5326 
22.6756 26.6146 18.7134 
22.6302 26.3529 18.9230 
22.6153 26.2835 18.9731 
22.5450 25.6571 19.3715 
22.5325 25.5566 19.4364 
22.5211 25.4684 19.4926 
22.4695 25.1987 19.6772 
22.3856 24.6992 20.0101 
22.3708 24.6051 20.0751 
22.3369 24.4376 20.1964 
22.2455 24.0160 20.4885 
22.1127 23.6638 20.7810 
22.0974 23.6249 20.8124 
21.8519 22.9878 21.3307 
21.7558 22.7578 21.5129 
21.7258 22.7043 21.5655 
21.5807 22.4758 21.7652 
21.3304 21.9529 22.1795 
21.1611 21.7010 22.4291 
20.9251 21.3935 22.7111 
20.8625 21.2962 22.7840 
20.8579 21.2903 22.7896 
20.7719 21.1969 22.8697 
20.4042 20.7916 23.2110 
20.3521 20.7296 23.2580 
20.0125 20.3612 23.5204 
20.0068 20.3418 23.5336 
19.9865 20.3091 23.5451 
19.5490 19.7716 23.7354 
19.5470 19.7696 23.7361 
19.2241 19.4019 23.8288 
19.0164 19.1708 23.8940 
18.9400 19.0865 23.9188 
18.9257 19.0738 23.9265 
18.7592 18.9526 23.9961 
18.2599 18.5434 24.1369 
18.2189 18.5188 24.1445 
17.8731 18.3362 24.3055 
17.7210 18.2879 24.4078 
17.5056 18.2415 24.5390 
17.3874 18.2256 24.6338 
17.2658 18.2243 24.7198 
16.9463 18.2187 24.8823 
16.8758 18.2224 24.9297 
16.5767 18.2761 25.0906 
16.2209 18.3253 25.2639 
16.1847 18.3312 25.2807 
15.5526 18.4289 25.5654 
15.3500 18.4538 25.6492 
15.3335 18.4556 25.6558 
15.2759 18.4673 25.6726 
15.1484 18.5040 25.7416 
14.3977 18.7606 26.0692 
14.1835 18.9528 26.2652 
14.0284 19.0643 26.4317 
13.6754 19.2816 26.6771 
13.5986 19.3720 26.7411 
13.3094 19.7008 26.9998 
13.2980 19.7050 27.0234 
13.2640 19.7318 27.0369 
12.9620 20.2954 27.2824 
12.9195 20.3460 27.3060 
12.8705 20.4052 27.3255 
12.7329 20.9771 27.4485 
12.7188 21.0141 27.4574 
12.5110 21.4102 27.3291 
12.3012 21.5325 27.3350 
12.2266 21.5716 27.3392 
11.9760 21.6516 27.3019 
11.8187 21.6583 27.3239 
11.5552 21.6934 27.3813 
11.3504 21.6263 27.5147 
11.2322 21.5795 27.5993 
10.9311 21.3749 27.6306 
10.7179 21.2415 27.6489 
10.6738 21.2087 27.6390 
10.4095 21.1025 27.6033 
10.1898 20.9238 27.5313 
9.9851 20.7583 27.4501 
9.3674 20.5752 27.2888 
9.2119 20.5251 27.2472 
9.0709 20.4990 27.2146 
8.8292 20.4533 27.1622 
8.7802 20.4501 27.1533 
8.3298 20.4225 27.0620 
8.2792 20.4141 27.0479 
7.6528 20.4862 26.9460 
7.6218 20.4885 26.9437 
7.5169 20.5046 26.9590 
6.9916 20.5928 26.9174 
6.9552 20.6001 26.9099 
6.3895 20.8541 26.8472 
6.2005 20.9207 26.8138 
6.1388 20.9423 26.8034 
6.0139 21.0059 26.7907 
5.3847 21.2856 26.7091 
5.3340 21.3197 26.7076 
5.0869 21.5150 26.6501 
5.0468 21.5351 26.6378 
4.9965 21.5493 26.6195 
4.6072 21.6831 26.3961 
4.5603 21.7016 26.3613 
4.4838 21.7503 26.3085 
4.1488 21.9506 26.0738 
3.8007 22.1403 25.8264 
3.7548 22.1691 25.7946 
3.7147 22.1957 25.7639 
3.5783 22.2740 25.6567 
3.2239 22.4706 25.3766 
2.9932 22.6018 25.1866 
2.6084 22.8618 24.8788 
2.4089 22.9860 24.7169 
2.3794 23.0021 24.6923 
2.0107 23.1941 24.4049 
1.7634 23.3248 24.2124 
1.7135 23.3489 24.1790 
1.3741 23.5251 23.9550 
1.3556 23.5341 23.9426 
0.9795 23.7015 23.7280 
0.6483 23.8626 23.5430 
0.6075 23.8853 23.5210 
0.0277 24.1979 23.2308 
-0.0181 24.2217 23.2075 
-0.1888 24.3092 23.1238 
-0.3703 24.4168 23.0683 
-0.7054 24.4925 22.8835 
-0.7433 24.5018 22.8612 
-1.0389 24.5799 22.6919 
-1.0469 24.5819 22.6875 
-1.2785 24.6259 22.5563 
-1.5440 24.6597 22.3959 
-1.7579 24.6838 22.2731 
-1.9300 24.7445 22.1913 
-2.2351 24.7792 21.9847 
-2.3658 24.7951 21.8944 
-2.5448 24.8226 21.7756 
-2.5842 24.8285 21.7497 
-2.7475 24.8402 21.6755 
-3.3278 25.0594 21.4052 
-3.4220 25.1335 21.3414 
-3.4857 25.1779 21.3271 
-3.5343 25.2139 21.3144 
-3.9210 25.5222 21.2285 
-3.9729 25.5945 21.2384 
-4.0841 25.7338 21.2673 
-4.1778 25.8687 21.3035 
-4.2082 25.9224 21.3220 
-4.2497 26.0209 21.3349 
-4.3503 26.2973 21.3807 
-4.4190 26.4782 21.4147 
-4.5170 26.7452 21.4670 
-4.5499 26.9522 21.5321 
-4.6073 27.4373 21.6473 
-4.6106 27.4769 21.6575 
-4.6230 27.6857 21.7019 
-4.5972 28.0649 21.8111 
-4.5979 28.4957 21.9176 
-4.5983 28.5642 21.9343 
-4.5900 29.3383 22.1012 
-4.5976 29.4327 22.1315 
-4.6031 29.4573 22.1333 
-4.6093 29.4890 22.1342 
-4.6214 29.6575 22.1546 
-4.6695 30.2460 22.2217 
-4.6885 30.4000 22.2475 
-4.8234 31.0690 22.2447 
-4.8356 31.1447 22.2486 
-4.8554 31.2272 22.2590 
-4.9452 31.5879 22.2328 
-5.0911 32.2379 22.1609 
-5.1155 32.3453 22.1531 
-5.1427 32.4799 22.1411 
-5.1973 33.0810 22.0712 
-5.2156 33.2920 21.9846 
-5.2238 33.3162 21.9755 
-5.2759 33.4441 21.9499 
-5.4453 33.7846 21.8146 
-5.4824 33.8771 21.7641 
-5.6337 34.5136 21.4948 
-5.6746 34.6311 21.4232 
-5.6771 34.6382 21.4187 
-5.6776 34.6827 21.3977 
-5.7505 35.3098 21.0698 
-5.7586 35.4191 20.9997 
-5.7673 35.5130 20.9382 
-5.8191 35.7049 20.7875 
-5.8304 36.0747 20.3462 
-5.8573 36.3698 19.9672 
-5.8625 36.4140 19.9086 
-5.8451 36.7487 19.3660 
-5.8570 36.9621 18.9676 
-5.8690 37.0206 18.8379 
-5.8241 37.2056 18.2421 
-5.8003 37.3094 17.8998 
-5.7993 37.3141 17.8836 
-5.5788 37.4689 16.8975 
-5.4197 37.5069 16.4037 
-5.3873 37.5121 16.2877 
-5.3452 37.5228 16.1080 
-5.3454 37.5247 16.0980 
-5.2586 37.5525 15.8368 
-4.8889 37.6576 14.7918 
-4.7838 37.6740 14.5644 
-4.6394 37.6737 14.2205 
-4.5336 37.6635 13.9793 
-4.2997 37.6289 13.5497 
-4.1992 37.6073 13.3600 
-4.0506 37.5647 13.1908 
-3.8414 37.4429 12.8659 
-3.8282 37.4273 12.8412 
-3.7481 37.3451 12.8002 
-3.6620 37.0202 12.3788 
-3.5686 36.8941 12.1699 
-3.4354 36.7080 11.8935 
-3.2233 36.3581 11.4181 
-2.9765 36.1912 11.1325 
-2.7687 36.0429 10.9145 
-2.7038 35.9965 10.8468 
-2.5327 35.8218 10.6524 
-2.3002 35.6769 10.4846 
-1.8399 35.3963 10.1393 
-1.8061 35.3668 10.1063 
-1.7578 35.3437 10.0754 
-1.7534 35.3506 10.0615 
-1.3376 35.0563 9.6260 
-1.1261 34.9091 9.3917 
-0.7217 34.5916 8.9035 
-0.6875 34.5438 8.8276 
-0.6047 34.4327 8.6943 
-0.3311 33.9502 8.1691 
-0.3192 33.9290 8.1458 
-0.3069 33.9071 8.1121 
-0.1512 33.3411 7.5360 
0.1515 33.0190 7.1687 
0.1889 32.9857 7.0942 
0.3845 32.6776 6.8150 
0.5791 32.5610 6.7261 
0.7942 32.4562 6.5624 
1.0706 32.2222 6.3351 
1.1813 32.1707 6.3433 
1.8031 31.9510 6.2937 
1.9794 31.8886 6.2706 
2.0591 31.8749 6.2734 
2.0822 31.8688 6.2772 
2.3018 31.7505 6.2547 
2.7621 31.4850 6.2134 
2.8303 31.4436 6.2088 
3.3175 31.1050 6.1380 
3.4385 31.0222 6.1215 
3.4763 30.9963 6.1164 
3.9014 30.6909 6.0521 
4.1089 30.5107 6.0083 
4.1171 30.5036 6.0065 
4.1512 30.4741 6.0058 
4.7322 29.9715 5.9928 
4.7688 29.9400 5.9955 
4.8361 29.8836 6.0001 
5.2963 29.4945 6.0323 
5.4690 29.3485 6.0589 
% end
