% Curve 1: 505829, Curve; 
% Length=74.7946; NumberOfSegments=266; FullyAttached=Yes; Closed=Yes; 
% Units: mm
% begin
1.3835 27.4012 16.0623 
1.3269 27.3795 16.1543 
1.2346 27.3434 16.3069 
1.0992 27.3141 16.5367 
0.9767 27.2842 16.7638 
0.6723 27.2132 17.3289 
0.5661 27.1843 17.5487 
0.4834 27.1959 17.7314 
0.1871 27.2370 18.3335 
-0.0508 27.3778 18.9217 
-0.0583 27.3812 18.9390 
-0.1542 27.4242 19.1883 
-0.4095 27.5252 19.8017 
-0.4074 27.5276 19.8158 
-0.4014 27.5347 19.8574 
-0.4736 27.5368 20.1344 
-0.6582 27.5618 20.6816 
-0.6778 27.5427 20.9165 
-0.6962 27.5247 21.1337 
-0.7176 27.5006 21.2123 
-0.7452 27.4688 21.2887 
-0.7831 27.4357 21.3818 
-1.1184 27.1368 22.2853 
-1.1301 27.1245 22.3441 
-1.2238 26.9341 22.9879 
-1.2834 26.8592 23.1911 
-1.4075 26.6538 23.6437 
-1.4305 26.5131 24.0210 
-1.4323 26.4844 24.0817 
-1.5190 26.2475 24.5408 
-1.5267 26.1748 24.6924 
-1.5463 25.8974 25.1640 
-1.5814 25.7472 25.4178 
-1.5898 25.7105 25.4767 
-1.6834 25.1868 26.2897 
-1.6824 25.0545 26.5296 
-1.6813 24.9255 26.7553 
-1.7472 24.7902 27.0211 
-1.7741 24.7776 27.0695 
-1.8238 24.6867 27.1969 
-1.8921 24.5659 27.3696 
-2.0927 24.3948 27.4691 
-2.2035 24.2967 27.5237 
-2.3596 24.1454 27.6249 
-2.4437 24.0559 27.6948 
-2.9086 23.5566 28.0813 
-3.0577 23.4440 28.2076 
-3.0680 23.3830 28.2327 
-3.0764 23.3324 28.2535 
-3.3587 22.5583 28.8194 
-3.3809 22.4859 28.8655 
-3.5434 21.9909 29.1631 
-3.5829 21.8614 29.2542 
-3.6137 21.7270 29.3350 
-3.7807 21.2415 29.4703 
-3.8482 20.7954 29.5331 
-3.9056 20.5445 29.5462 
-3.9487 20.2754 29.5814 
-3.9694 19.6981 29.5811 
-3.9694 19.6865 29.5815 
-3.8777 19.0507 29.5128 
-3.8989 18.9708 29.5373 
-3.9127 18.9192 29.5532 
-3.9013 18.8978 29.5520 
-3.5781 18.2600 29.5342 
-3.5002 18.1111 29.5272 
-3.4913 18.0998 29.5284 
-3.4792 18.0912 29.5325 
-2.7592 17.5941 29.7765 
-2.7274 17.5755 29.7813 
-2.6744 17.5524 29.7923 
-2.6057 17.5279 29.8087 
-2.0038 17.3421 29.9637 
-1.9463 17.3207 29.9771 
-1.7457 17.2648 29.9839 
-1.6143 17.2393 29.9654 
-1.2104 17.1699 29.9133 
-1.1842 17.1650 29.9097 
-1.1409 17.1560 29.9033 
-0.7435 17.0873 29.8209 
-0.6993 17.0824 29.8131 
-0.5510 17.0686 29.7818 
-0.2806 16.9873 29.6990 
-0.0782 16.9175 29.6330 
0.0151 16.8843 29.6056 
0.2105 16.7575 29.5284 
0.5913 16.5710 29.3988 
0.6173 16.5601 29.3906 
0.9833 16.3928 29.3454 
0.9918 16.3859 29.3440 
1.0682 16.3215 29.3073 
1.1662 16.3182 29.2824 
1.4882 16.3335 29.2140 
1.9753 16.3146 29.0945 
2.0322 16.3041 29.0670 
2.1092 16.2842 29.0447 
2.3730 16.2969 29.0054 
2.9596 16.3635 28.9362 
3.0163 16.3705 28.9284 
3.7061 16.5122 28.8621 
3.8511 16.5579 28.8564 
3.9110 16.5765 28.8544 
4.0623 16.6161 28.8452 
4.7235 16.7105 28.7494 
4.9471 16.7415 28.7258 
5.0278 16.7393 28.7066 
5.0382 16.7389 28.7042 
5.7173 16.7731 28.5982 
5.8131 16.7572 28.5672 
6.2918 16.6787 28.4112 
6.3337 16.6606 28.4124 
6.3380 16.6599 28.4112 
6.3775 16.6495 28.3965 
6.9856 16.4921 28.1660 
7.0524 16.4736 28.1394 
7.0575 16.4720 28.1377 
7.6764 16.3060 27.9575 
7.7646 16.2757 27.9239 
7.7875 16.2670 27.9157 
8.2992 16.0993 27.7698 
8.3330 16.0885 27.7606 
8.3640 16.0774 27.7528 
8.3785 16.0668 27.7514 
8.8543 15.8670 27.5793 
8.8891 15.8490 27.5623 
9.2903 15.6593 27.3579 
9.3984 15.6101 27.3066 
9.4009 15.6094 27.3053 
9.5024 15.5747 27.2504 
9.6073 15.5359 27.1863 
9.9701 15.4552 26.9499 
10.2373 15.4106 26.8234 
10.3783 15.4011 26.7522 
10.6773 15.3830 26.6084 
10.7982 15.3802 26.5674 
10.9767 15.3798 26.5059 
11.0187 15.3832 26.5017 
11.0558 15.4124 26.4857 
11.4802 15.6369 26.4175 
11.4937 15.6449 26.4165 
11.8120 15.8639 26.3856 
11.9406 15.9531 26.3760 
12.0139 15.9971 26.3721 
12.2916 16.2575 26.4247 
12.3276 16.3004 26.4297 
12.6860 16.7285 26.5035 
12.6961 16.7539 26.5033 
12.7042 16.7634 26.5041 
13.0341 17.1959 26.5247 
13.0567 17.2259 26.5267 
13.0761 17.2545 26.5278 
13.5060 17.8216 26.4710 
13.5197 17.8388 26.4682 
13.5489 17.8787 26.4608 
13.5954 17.9436 26.4511 
14.0158 18.5067 26.3357 
14.0777 18.5963 26.3157 
14.3884 19.0498 26.2192 
14.5090 19.2320 26.1879 
14.5751 19.3420 26.1669 
14.9491 19.9715 26.0653 
14.9540 19.9850 26.0620 
15.1078 20.2391 26.0113 
15.1405 20.2954 26.0032 
15.1664 20.3640 25.9898 
15.6204 21.2587 25.9303 
15.6877 21.3775 25.9285 
15.8156 21.6758 25.9151 
15.9963 22.1107 25.9203 
16.0824 22.3636 25.9202 
16.2566 22.8735 25.9161 
16.3744 23.2218 25.9198 
16.4738 23.6094 25.9189 
16.5794 24.0151 25.9078 
16.6724 24.3723 25.8974 
16.7829 25.0263 25.8712 
16.7969 25.1079 25.8659 
16.8349 25.3279 25.8496 
16.8585 25.4650 25.8393 
16.8734 26.1119 25.7821 
16.8748 26.1504 25.7746 
16.8306 26.6015 25.6801 
16.8146 26.7646 25.6465 
16.7647 26.9121 25.6110 
16.7024 27.1564 25.4016 
16.6164 27.4982 25.1008 
16.6065 27.5711 24.9737 
16.5837 27.7071 24.7322 
16.5429 27.9625 24.2657 
16.5415 27.9662 24.2583 
16.4207 28.2562 23.7449 
16.3797 28.4000 23.4936 
16.3714 28.4150 23.4641 
16.1109 28.9030 22.9463 
16.0617 29.0031 22.8333 
16.0577 29.0109 22.8255 
16.0465 29.0298 22.8062 
15.6990 29.6183 22.1999 
15.6741 29.6503 22.1651 
15.5575 29.7926 21.9639 
15.2912 30.0963 21.4064 
15.2539 30.1378 21.3296 
15.0135 30.3787 20.6858 
14.9148 30.4778 20.4225 
14.8687 30.5124 20.3191 
14.5581 30.7376 19.5922 
14.5046 30.7716 19.4478 
14.4960 30.7756 19.4276 
14.1691 30.9532 18.7383 
14.1196 30.9594 18.5892 
14.0289 30.9718 18.3148 
13.9872 30.9765 18.1832 
13.9176 30.9639 18.0120 
13.6612 30.9330 17.4218 
13.3331 30.8599 16.7436 
13.2652 30.8445 16.6844 
12.7900 30.8835 16.0458 
12.3886 30.8626 15.5883 
12.2675 30.8649 15.5041 
11.9720 30.8623 15.3101 
11.9457 30.8546 15.3036 
11.5372 30.7946 14.9381 
11.3858 30.7943 14.8305 
11.2651 30.7897 14.7608 
10.8925 30.7847 14.5487 
10.5223 30.7563 14.4295 
10.4774 30.7534 14.4151 
10.4597 30.7512 14.4135 
10.4205 30.7306 14.4259 
9.7358 30.4389 14.2463 
9.6743 30.4156 14.2336 
9.2469 30.2410 14.1638 
9.0072 30.1350 14.1194 
8.8101 30.0391 14.0949 
8.6543 29.9697 14.0795 
8.4914 29.8920 14.0702 
7.9903 29.6413 14.0341 
7.9509 29.6229 14.0320 
7.7034 29.5049 14.0227 
7.3394 29.3357 14.0117 
7.1876 29.2649 14.0073 
7.0168 29.1851 14.0020 
6.8679 29.1146 13.9988 
6.3806 28.9086 14.0031 
6.3213 28.8818 14.0026 
6.0251 28.7432 14.0075 
5.6755 28.6016 14.0236 
5.5905 28.5652 14.0314 
4.7772 28.2917 14.1224 
4.7191 28.2757 14.1388 
4.6927 28.2698 14.1430 
4.6823 28.2673 14.1454 
4.5956 28.2465 14.1813 
3.9129 28.0237 14.3152 
3.8616 28.0064 14.3313 
3.2554 27.8544 14.5230 
3.0538 27.7985 14.5866 
2.9855 27.7778 14.6205 
2.7460 27.8006 14.7369 
2.4459 27.7870 14.8837 
2.2187 27.7786 15.0514 
2.0839 27.7552 15.1298 
1.9741 27.7113 15.1908 
1.7846 27.6501 15.4135 
1.7082 27.6238 15.5042 
1.5971 27.5975 15.7368 
1.3835 27.4012 16.0623 
% end
