% Curve 1: 507143, Curve; 
% Length=79.6288; NumberOfSegments=390; FullyAttached=Yes; Closed=Yes; 
% Units: mm
% begin
9.5517 28.1196 8.8175 
9.4257 28.0809 8.7407 
9.2732 28.0419 8.6720 
8.8725 27.8388 8.5309 
8.6957 27.7572 8.4655 
8.4534 27.6732 8.4183 
8.1862 27.5504 8.3857 
8.1183 27.5203 8.3767 
7.5995 27.3609 8.3880 
7.5381 27.3418 8.3895 
7.5320 27.3405 8.3903 
7.4542 27.3273 8.3975 
6.8947 27.2075 8.4699 
6.8573 27.2025 8.4724 
6.4082 27.1710 8.5422 
6.2691 27.1442 8.5746 
6.2532 27.1415 8.5791 
5.6876 27.1210 8.6989 
5.6430 27.1192 8.7084 
5.6384 27.1234 8.7181 
5.3656 27.0907 8.7892 
5.0751 27.0548 8.8547 
4.9859 27.0161 8.8618 
4.9766 27.0124 8.8618 
4.4606 26.9742 8.9437 
4.3978 26.9705 8.9540 
4.3001 26.9672 8.9658 
4.0548 26.9842 9.0128 
3.8772 26.9952 9.0486 
3.5706 27.0178 9.1135 
3.4935 27.0280 9.1339 
3.4242 27.0306 9.1592 
3.3192 27.0295 9.1884 
2.9522 26.9982 9.2435 
2.9194 26.9944 9.2467 
2.6200 26.9473 9.2788 
2.4754 26.9252 9.2964 
2.4505 26.9182 9.3002 
2.3331 26.8827 9.3063 
2.0419 26.7958 9.3267 
1.8950 26.7326 9.3424 
1.5157 26.5551 9.3460 
1.4184 26.5127 9.3546 
1.3033 26.4487 9.3709 
0.7900 26.1509 9.4014 
0.7396 26.1160 9.4208 
0.6481 26.0837 9.4324 
-0.0344 25.7450 9.6192 
-0.0775 25.7190 9.6345 
-0.6829 25.5640 9.8981 
-0.8200 25.5289 9.9578 
-0.8623 25.5325 10.0003 
-1.2484 25.5838 10.2218 
-1.4246 25.6084 10.3116 
-1.6474 25.7743 10.4782 
-1.7388 25.8237 10.5392 
-1.8267 25.8599 10.6358 
-1.9637 25.9120 10.7827 
-2.0694 25.9363 10.9524 
-2.2023 25.9716 11.1710 
-2.2738 26.0144 11.3159 
-2.3951 26.0835 11.6066 
-2.4194 26.0997 11.6337 
-2.5776 26.1798 12.0323 
-2.6852 26.2344 12.3032 
-2.9067 26.4252 13.5177 
-2.8885 26.4393 13.6097 
-2.8168 26.5348 14.0525 
-2.7447 26.6988 14.7878 
-2.7434 26.7228 14.8620 
-2.5336 26.9149 15.3982 
-2.4981 26.9304 15.4573 
-2.4740 26.9462 15.5030 
-2.2548 27.0919 15.8705 
-2.2163 27.1033 15.9245 
-2.0165 27.1647 16.1883 
-1.8011 27.2295 16.4838 
-1.6289 27.2614 16.7070 
-1.4867 27.2491 16.8768 
-1.3490 27.2068 17.1880 
-1.3058 27.1716 17.2764 
-1.2047 27.0775 17.5192 
-1.1934 27.0278 17.6657 
-1.1469 26.8940 18.1580 
-1.0815 26.7738 18.5942 
-1.0718 26.7559 18.6561 
-1.0576 26.7216 18.7592 
-1.0465 26.6622 18.9195 
-1.0100 26.5037 19.5316 
-1.0029 26.4559 19.7103 
-1.0015 26.4420 19.7596 
-0.9892 26.2920 20.2958 
-0.9894 26.2883 20.3068 
-1.0036 26.0937 20.9147 
-1.0022 26.0202 21.1276 
-1.0105 25.9198 21.3778 
-1.0333 25.8336 21.6187 
-1.0812 25.6856 21.9592 
-1.1023 25.4474 22.4491 
-1.1016 25.4417 22.4597 
-1.0581 24.9860 23.2726 
-1.0676 24.9412 23.4118 
-1.0629 24.9068 23.4992 
-1.0570 24.8533 23.5532 
-1.0590 24.6486 23.8167 
-1.0546 24.5907 23.9762 
-1.1884 24.4879 24.2004 
-1.2509 24.4483 24.2820 
-1.3072 24.4226 24.3286 
-1.3265 24.3931 24.3463 
-1.5708 24.0786 24.4988 
-1.6949 23.9245 24.5693 
-1.7261 23.8893 24.5827 
-1.7452 23.8704 24.5921 
-2.1044 23.5026 24.7827 
-2.1502 23.4558 24.8069 
-2.3399 23.2507 24.9025 
-2.4380 23.1429 24.9538 
-2.4664 23.1124 24.9689 
-2.5470 22.9842 25.0476 
-2.8171 22.6671 25.2148 
-2.8522 22.5943 25.2637 
-2.9597 22.3661 25.4107 
-3.0154 22.2633 25.4946 
-3.0806 22.0943 25.6251 
-3.2113 21.7604 25.8917 
-3.2111 21.7279 25.8984 
-3.3480 21.2788 26.2815 
-3.3614 21.2200 26.3344 
-3.4089 20.9334 26.5525 
-3.4168 20.8935 26.5758 
-3.4143 20.8532 26.6065 
-3.4498 20.4905 26.8772 
-3.4200 20.3743 26.9467 
-3.4040 20.3051 26.9939 
-3.2746 20.1381 27.1599 
-3.1644 19.9992 27.2994 
-3.0974 19.9581 27.3604 
-2.7439 19.7321 27.6169 
-2.7395 19.7305 27.6288 
-2.7208 19.7237 27.6795 
-2.1487 19.3851 27.8732 
-2.0969 19.3673 27.8887 
-1.9915 19.3233 27.9044 
-1.7808 19.2077 27.9515 
-1.7318 19.1747 27.9548 
-1.5572 19.0535 27.9682 
-1.4938 19.0099 27.9727 
-1.4041 18.9374 27.9652 
-1.2883 18.7946 27.9718 
-1.2469 18.7444 27.9754 
-0.9536 18.4759 27.8980 
-0.9427 18.4634 27.8900 
-0.5834 18.1448 27.7330 
-0.5382 18.0997 27.6942 
-0.5270 18.0951 27.6877 
-0.5134 18.0954 27.6829 
-0.0596 17.9610 27.4503 
0.0309 17.9302 27.4187 
0.5005 17.9398 27.2401 
0.5485 17.9413 27.2233 
0.6017 17.9448 27.1988 
0.6773 17.9574 27.1773 
1.0071 18.0554 27.0361 
1.1195 18.0911 26.9807 
1.2773 18.1390 26.9023 
1.5743 18.2086 26.7494 
1.7693 18.2468 26.6469 
1.9924 18.2912 26.5275 
2.0005 18.2926 26.5233 
2.0074 18.2936 26.5194 
2.0389 18.2978 26.5019 
2.2961 18.3325 26.3571 
2.3364 18.3381 26.3341 
2.6752 18.4046 26.1470 
2.6804 18.4058 26.1441 
2.7030 18.4088 26.1312 
2.7202 18.4137 26.1219 
3.0708 18.5018 25.9306 
3.2042 18.5357 25.8566 
3.2772 18.5708 25.8205 
3.4471 18.6215 25.7284 
3.6590 18.6829 25.6189 
3.6792 18.6886 25.6085 
3.6844 18.6901 25.6057 
3.6983 18.6933 25.5984 
3.7240 18.6988 25.5845 
4.0691 18.7670 25.4152 
4.2461 18.7993 25.3370 
4.3740 18.8462 25.2876 
4.4587 18.8703 25.2528 
4.5590 18.8954 25.2208 
4.5957 18.9018 25.2081 
4.7901 18.9322 25.1492 
4.9495 18.9516 25.0983 
4.9905 18.9515 25.0831 
5.1537 18.9553 25.0116 
5.2740 18.9616 24.9506 
5.6092 18.9942 24.7892 
5.7619 18.9965 24.7089 
5.8170 18.9970 24.6797 
6.0428 18.9987 24.5614 
6.2037 19.0041 24.4798 
6.2410 19.0046 24.4623 
6.3532 19.0044 24.4087 
6.7268 18.9940 24.2231 
6.8226 18.9916 24.1757 
7.0430 18.9752 24.0869 
7.1812 18.9603 24.0278 
7.1893 18.9589 24.0253 
7.6735 18.8766 23.8625 
7.6832 18.8731 23.8624 
7.6895 18.8719 23.8603 
7.7106 18.8680 23.8531 
8.2425 18.7510 23.6966 
8.2634 18.7461 23.6901 
8.2658 18.7455 23.6894 
8.4721 18.6996 23.6324 
8.7960 18.6279 23.5431 
8.8065 18.6251 23.5399 
8.8337 18.6186 23.5313 
9.3958 18.4780 23.3493 
9.4481 18.4615 23.3297 
9.4740 18.4540 23.3189 
9.5623 18.4359 23.2879 
10.1401 18.3052 23.0759 
10.1720 18.2990 23.0650 
10.2341 18.2914 23.0376 
10.3767 18.2858 22.9861 
10.6657 18.2492 22.8574 
10.8090 18.2332 22.7913 
11.3028 18.2461 22.6361 
11.3382 18.2642 22.6067 
11.3473 18.2686 22.6037 
11.3802 18.2848 22.5929 
11.9614 18.4327 22.4892 
12.0996 18.4742 22.5188 
12.1256 18.4862 22.5213 
12.5865 18.7253 22.5786 
12.6696 18.7733 22.6118 
12.6848 18.7848 22.6158 
12.8249 18.8941 22.6542 
13.0628 19.0706 22.7123 
13.0809 19.0859 22.7182 
13.2455 19.2347 22.7638 
13.2678 19.2566 22.7685 
13.3532 19.3290 22.7789 
13.3676 19.3420 22.7812 
13.5000 19.4718 22.7943 
13.5943 19.5581 22.8001 
13.6259 19.5877 22.8013 
13.8271 19.7825 22.8112 
14.0088 19.9671 22.8245 
14.0312 19.9908 22.8266 
14.2235 20.1976 22.8408 
14.2330 20.2079 22.8413 
14.2909 20.2790 22.8481 
14.4678 20.4857 22.8645 
14.5416 20.5834 22.8762 
14.5704 20.6226 22.8797 
14.7911 20.9608 22.9210 
14.8114 20.9928 22.9251 
14.9518 21.2262 22.9419 
15.0826 21.4262 22.9514 
15.0862 21.4340 22.9525 
15.1484 21.5732 22.9685 
15.3332 21.9988 23.0209 
15.3351 22.0037 23.0210 
15.3380 22.0129 23.0214 
15.3420 22.0276 23.0222 
15.5099 22.3935 23.0273 
15.5973 22.5002 23.0210 
15.6221 22.5301 23.0186 
15.7201 22.7366 22.9936 
15.7574 22.7937 22.9880 
15.8499 22.9233 22.9534 
15.8717 22.9515 22.9462 
15.9577 23.0516 22.8997 
16.0400 23.1497 22.8541 
16.1909 23.3170 22.7506 
16.2814 23.5080 22.6372 
16.3027 23.5528 22.6111 
16.6230 24.0249 22.3019 
16.6408 24.1190 22.2565 
16.6430 24.1277 22.2534 
16.6815 24.2225 22.2053 
16.9292 24.5083 21.9473 
16.9502 24.5315 21.9268 
17.0295 24.6305 21.8375 
17.0804 24.7027 21.7976 
17.0896 24.7364 21.7867 
17.1077 24.8988 21.6900 
17.1083 24.9808 21.6510 
17.1088 24.9862 21.6479 
17.1128 25.0241 21.6265 
17.1567 25.4589 21.3834 
17.1635 25.5426 21.3391 
17.1666 25.8022 21.1875 
17.1887 26.0736 20.9914 
17.1887 26.1131 20.9693 
17.1596 26.5541 20.7053 
17.1586 26.5831 20.6852 
17.1566 26.6230 20.6596 
17.1563 26.6249 20.6583 
17.1153 26.9487 20.4345 
17.1117 26.9649 20.4226 
17.0760 27.1550 20.2628 
17.0744 27.1645 20.2541 
17.0724 27.1750 20.2443 
17.0455 27.3891 19.9998 
17.0421 27.4086 19.9810 
16.9706 27.7768 19.6207 
16.9399 27.9434 19.4499 
16.9314 27.9811 19.4186 
16.9038 28.1167 19.3075 
16.8612 28.3570 19.0865 
16.8593 28.3659 19.0798 
16.8110 28.5791 18.9191 
16.8082 28.5927 18.9080 
16.7774 28.7842 18.7267 
16.7679 28.8196 18.6904 
16.6155 29.2177 18.5147 
16.5662 29.3845 18.4130 
16.5604 29.3992 18.4087 
16.4601 29.6330 18.3389 
16.3781 29.8020 18.2754 
16.3734 29.8150 18.2710 
16.3357 29.9178 18.2522 
16.2356 30.1971 18.1025 
16.2272 30.2396 18.0802 
16.1987 30.3900 18.0123 
16.1407 30.5613 17.7592 
16.0751 30.5980 17.7153 
16.0366 30.6587 17.5900 
15.8058 30.7104 17.2244 
15.5764 30.6354 16.8562 
15.4776 30.4592 16.7456 
15.4643 30.4365 16.6793 
15.3421 30.4365 16.2910 
15.2580 30.4589 16.0704 
15.1772 30.4516 15.8908 
15.0395 30.4806 15.7744 
14.7516 30.5033 15.5503 
14.6862 30.5050 15.4907 
14.6779 30.5048 15.4834 
14.5548 30.5197 15.4080 
14.5228 30.5332 15.3806 
14.1076 30.5494 15.1147 
14.0612 30.5550 15.0889 
13.9300 30.5514 15.0269 
13.6030 30.5565 14.9104 
13.3717 30.5201 14.7206 
13.3155 30.5120 14.6741 
13.2789 30.5057 14.6418 
13.2647 30.4997 14.6212 
13.1110 30.4556 14.4456 
13.0659 30.4155 14.4271 
12.8554 30.2601 14.2388 
12.8297 30.2452 14.2232 
12.7178 30.1745 14.1592 
12.4692 30.0077 14.0048 
12.3988 29.9598 13.9615 
12.1018 29.7854 13.8117 
11.9667 29.7181 13.7577 
11.7102 29.6037 13.6452 
11.5371 29.5317 13.5577 
11.3677 29.4291 13.4441 
11.3345 29.4214 13.4110 
11.1942 29.3628 13.2339 
11.1604 29.3227 13.1536 
11.1108 29.2674 12.9785 
11.0811 29.2502 12.6023 
11.0851 29.2455 12.5056 
11.0874 29.2340 12.4086 
11.0875 29.2338 12.4072 
11.1050 29.2041 12.1164 
11.1191 29.1574 11.5588 
11.1182 29.1375 11.3695 
11.1314 29.0592 10.8587 
11.1269 29.0504 10.8231 
11.0760 28.9734 10.4667 
11.0080 28.9091 10.2831 
10.9256 28.8543 10.0785 
10.8763 28.8073 9.9452 
10.6490 28.6539 9.6256 
10.6106 28.6317 9.5726 
10.3094 28.4868 9.3175 
10.1415 28.4269 9.1761 
10.0741 28.3886 9.1188 
10.0116 28.3578 9.0826 
9.5517 28.1196 8.8175 
% end
