% Curve 1: 554843, Curve; 
% Length=120.16; NumberOfSegments=525; FullyAttached=Yes; Closed=Yes; 
% Units: mm
% begin
7.0129 23.4188 10.6899 
7.2163 23.1992 10.7707 
7.2244 23.1920 10.7753 
7.3341 23.0950 10.8369 
7.5341 22.9531 10.9801 
7.8000 22.7886 11.1470 
8.0692 22.6040 11.3333 
8.2149 22.4974 11.4257 
8.8300 22.4089 11.6458 
9.1478 22.3976 11.8261 
9.2262 22.3840 11.8768 
9.2428 22.3821 11.8911 
9.9120 22.4041 12.4275 
9.9742 22.3982 12.4804 
10.1499 22.3861 12.6746 
10.2009 22.3772 12.7333 
10.2174 22.3755 12.7592 
10.2536 22.3840 12.8099 
10.6788 22.3815 13.4562 
10.7302 22.3871 13.5312 
10.9341 22.4212 13.9197 
11.1427 22.4666 14.3141 
11.1817 22.4670 14.3898 
11.3206 22.4742 14.7828 
11.4769 22.5006 15.2211 
11.4850 22.5034 15.2628 
11.5880 22.5294 15.7931 
11.5872 22.5319 15.8357 
11.5803 22.5543 16.1755 
11.5785 22.5228 16.2960 
11.5770 22.4557 16.4246 
11.5671 22.2583 16.8025 
11.5662 22.2392 16.8357 
11.5412 22.2080 16.8871 
11.5214 22.1198 16.9617 
11.5399 21.7099 17.3428 
11.5482 21.6322 17.4165 
11.5886 21.2581 17.7643 
11.5901 21.2379 17.7878 
11.5918 21.2290 17.7986 
11.6423 20.9358 18.2000 
11.6547 20.9020 18.2492 
11.8067 20.4786 18.7385 
11.8233 20.4565 18.7986 
11.8611 20.4059 18.9360 
11.9451 20.2998 19.1425 
11.9919 20.2146 19.2814 
12.1080 20.0149 19.7943 
12.1229 19.9975 19.9094 
12.1537 19.9058 20.3263 
12.1778 19.8116 20.7983 
12.1779 19.8109 20.8024 
12.1743 19.6863 21.4271 
12.1805 19.5749 21.7045 
12.2084 19.5235 21.8288 
12.2269 19.4914 21.9094 
12.4309 19.1634 22.6770 
12.4432 19.1516 22.7233 
12.4482 19.1437 22.7459 
12.4575 19.1253 22.8127 
12.6039 18.9513 23.0931 
12.6192 18.8661 23.1889 
12.6830 18.5582 23.5022 
12.6894 18.5301 23.5292 
12.7126 18.2363 23.7843 
12.7069 18.0952 23.9950 
12.6932 18.0100 24.1194 
12.6719 17.7464 24.3517 
12.6715 17.7409 24.3561 
12.6124 17.3781 24.6359 
12.5651 17.0663 24.8445 
12.5547 17.0012 24.8930 
12.5206 16.8197 25.0278 
12.4511 16.4105 25.2776 
12.4508 16.4092 25.2789 
12.3470 16.0526 25.6241 
12.3319 15.9735 25.6747 
12.3247 15.9525 25.6986 
12.3211 15.9169 25.7440 
12.2371 15.4578 26.0433 
12.2340 15.4418 26.0551 
12.2181 15.3408 26.1298 
12.0816 14.8147 26.3666 
12.0667 14.7797 26.3831 
11.9298 14.4552 26.5431 
11.8919 14.3657 26.5981 
11.6784 14.0221 26.8249 
11.6344 13.9509 26.8679 
11.6326 13.9479 26.8703 
11.5521 13.8432 26.9616 
11.5511 13.8334 26.9678 
11.3182 13.5298 27.1839 
11.2988 13.5046 27.2059 
11.1494 13.3343 27.3587 
10.9675 13.1277 27.5465 
10.9620 13.1216 27.5523 
10.6452 12.7557 27.8937 
10.6105 12.7141 27.9266 
10.6075 12.7101 27.9297 
10.2971 12.3118 28.2287 
10.2175 12.1813 28.2803 
9.9398 11.8173 28.4611 
9.9294 11.8037 28.4679 
9.9257 11.7990 28.4699 
9.9201 11.7917 28.4730 
9.6007 11.3767 28.6496 
9.5865 11.3597 28.6571 
9.3369 11.0626 28.7917 
9.2529 10.9627 28.8355 
9.2509 10.9605 28.8365 
9.1297 10.8291 28.8974 
8.8769 10.5552 29.0199 
8.8688 10.5465 29.0240 
8.6412 10.3231 29.1368 
8.4654 10.1506 29.2208 
8.4629 10.1483 29.2220 
8.2623 9.9615 29.3162 
8.0545 9.7679 29.4092 
8.0467 9.7606 29.4130 
7.8360 9.5728 29.5142 
7.6263 9.3860 29.6104 
7.6245 9.3844 29.6112 
7.4116 9.1963 29.7091 
7.2071 9.0159 29.7981 
7.1978 9.0077 29.8025 
6.9753 8.8202 29.9070 
6.7668 8.6445 30.0005 
6.7659 8.6438 30.0009 
6.5706 8.4888 30.0870 
6.3298 8.2976 30.1881 
6.3181 8.2883 30.1935 
5.9952 8.0632 30.3334 
5.8542 7.9649 30.3923 
5.7502 7.9025 30.4340 
5.3777 7.6788 30.5751 
5.3768 7.6784 30.5754 
4.9353 7.4603 30.7465 
4.8969 7.4412 30.7608 
4.6755 7.3436 30.8410 
4.3173 7.1852 30.9664 
4.2608 7.1603 30.9875 
4.1052 7.0952 31.0449 
3.5394 6.8637 31.2380 
3.3752 6.8495 31.2772 
3.2758 6.8178 31.2706 
3.1548 6.7594 31.2362 
2.9314 6.7251 31.1569 
2.8730 6.6993 31.0956 
2.8145 6.6446 31.0809 
2.6077 6.3245 30.9091 
2.4455 6.1493 30.7691 
2.3539 6.0599 30.7064 
2.3119 6.0201 30.6796 
1.9334 5.6612 30.4368 
1.8851 5.6220 30.4194 
1.8526 5.5945 30.4077 
1.3635 5.1353 30.0814 
1.3168 5.0943 30.0599 
1.2881 5.0692 30.0466 
1.1033 4.9068 29.9603 
0.8872 4.7136 29.8305 
0.6935 4.5523 29.7175 
0.5099 4.3957 29.6578 
0.4659 4.3575 29.6433 
0.2833 4.1890 29.6224 
-0.0236 3.9168 29.5416 
-0.1051 3.8494 29.5216 
-0.2125 3.7623 29.4905 
-0.2183 3.7576 29.4887 
-0.6688 3.4496 29.3737 
-0.6928 3.4314 29.3736 
-1.2194 3.0866 29.3830 
-1.2216 3.0853 29.3828 
-1.2236 3.0839 29.3830 
-1.2389 3.0740 29.3829 
-1.5965 2.8992 29.3896 
-1.7680 2.8377 29.3976 
-2.2407 2.6503 29.4846 
-2.2655 2.6410 29.4876 
-2.2930 2.6295 29.4950 
-2.3001 2.6269 29.4970 
-2.8588 2.4212 29.6534 
-2.8610 2.4204 29.6540 
-3.2495 2.2870 29.7852 
-3.3106 2.2666 29.8042 
-3.3197 2.2634 29.8071 
-3.5407 2.1933 29.8790 
-3.7696 2.1115 29.9462 
-3.7806 2.1081 29.9477 
-3.8208 2.0971 29.9534 
-4.3297 1.9534 30.0719 
-4.4964 1.9064 30.1093 
-4.5786 1.8880 30.1277 
-4.9576 1.7995 30.3810 
-5.0421 1.7796 30.4451 
-5.1497 1.7448 30.5281 
-5.3849 1.7401 30.8804 
-5.3976 1.7391 30.9011 
-5.4748 1.7393 31.0232 
-5.7283 1.7052 31.3345 
-5.7802 1.7003 31.3811 
-6.0017 1.6955 31.5855 
-6.0949 1.7076 31.6588 
-6.1703 1.7057 31.7168 
-6.3283 1.7063 31.7633 
-6.8547 1.7075 31.9337 
-6.9920 1.7084 31.9781 
-7.0426 1.7088 31.9912 
-7.0502 1.7088 31.9930 
-7.1678 1.6986 32.0206 
-7.8188 1.7310 32.1578 
-7.8405 1.7315 32.1630 
-7.8843 1.7443 32.1781 
-8.1061 1.8140 32.2346 
-8.1645 1.8653 32.2590 
-8.4992 2.1124 32.3473 
-8.5319 2.1499 32.3569 
-8.6985 2.3418 32.4103 
-8.9516 2.6179 32.4365 
-9.2247 2.9993 32.4531 
-9.2802 3.0759 32.4549 
-9.2991 3.1094 32.4545 
-9.4205 3.3232 32.4436 
-9.7800 3.9289 32.4089 
-9.8417 4.0305 32.3974 
-9.9453 4.2173 32.3734 
-10.0968 4.4943 32.3427 
-10.1414 4.5933 32.3287 
-10.2786 4.8758 32.2852 
-10.2930 4.9176 32.2724 
-10.2950 4.9213 32.2714 
-10.3162 4.9702 32.2567 
-10.4637 5.2888 32.1426 
-10.4730 5.3165 32.1315 
-10.5885 5.6708 31.9975 
-10.6273 5.7999 31.9566 
-10.7442 6.3366 31.7713 
-10.7714 6.4597 31.7277 
-10.7736 6.4700 31.7245 
-10.8437 6.9003 31.5824 
-10.8437 6.9249 31.5729 
-10.8995 7.2698 31.4485 
-10.8999 7.2716 31.4478 
-10.9096 7.3363 31.4272 
-11.0185 8.0626 31.1986 
-11.0224 8.0866 31.1910 
-11.0556 8.3050 31.1334 
-11.1292 8.7855 31.0034 
-11.1490 8.9073 30.9707 
-11.2127 9.2978 30.8659 
-11.2745 9.6671 30.7595 
-11.2880 9.7492 30.7373 
-11.3551 10.1817 30.6194 
-11.3922 10.4174 30.5536 
-11.3944 10.4323 30.5493 
-11.4935 11.1728 30.3771 
-11.5000 11.2201 30.3655 
-11.5027 11.2330 30.3625 
-11.5378 11.4022 30.3252 
-11.6394 11.8728 30.1858 
-11.6615 11.9684 30.1449 
-11.6773 12.0833 30.0972 
-11.7351 12.3319 29.9531 
-11.7496 12.4067 29.8894 
-11.8050 12.6056 29.7169 
-11.8486 12.7621 29.5984 
-11.9030 12.9461 29.4584 
-11.9636 13.1502 29.3128 
-12.0029 13.2801 29.2202 
-12.1358 13.7284 29.0058 
-12.1742 13.8580 28.9421 
-12.1967 13.9443 28.8998 
-12.3009 14.3625 28.7601 
-12.3579 14.5419 28.6630 
-12.3611 14.5547 28.6548 
-12.3893 14.7758 28.5245 
-12.4603 15.1157 28.2369 
-12.4707 15.1733 28.1977 
-12.4770 15.2084 28.1740 
-12.5769 15.8955 27.8424 
-12.5844 15.9409 27.8153 
-12.5872 15.9587 27.8047 
-12.6351 16.3411 27.6383 
-12.6816 16.6515 27.4851 
-12.6850 16.6804 27.4751 
-12.6902 16.7255 27.4594 
-12.7712 17.1751 27.1089 
-12.7784 17.2171 27.0789 
-12.7866 17.2510 27.0553 
-12.9127 17.7814 26.6924 
-12.9154 17.7955 26.6849 
-12.9245 17.8368 26.6633 
-13.0582 18.5371 26.3642 
-13.0596 18.5472 26.3614 
-13.0922 18.7298 26.3124 
-13.1861 19.1782 26.1500 
-13.1957 19.2306 26.1306 
-13.2497 19.4954 26.0205 
-13.3423 19.7853 25.8323 
-13.3708 19.8919 25.7745 
-13.4004 20.0402 25.6874 
-13.4167 20.0814 25.6509 
-13.4408 20.1635 25.5857 
-13.5377 20.4386 25.3448 
-13.5957 20.6641 25.1775 
-13.6189 20.7542 25.1106 
-13.6877 21.2093 24.8407 
-13.7248 21.3910 24.7194 
-13.7332 21.4664 24.6788 
-13.7422 21.5178 24.6542 
-13.7632 21.6675 24.5888 
-13.8403 22.0061 24.4691 
-13.8597 22.0817 24.4401 
-13.8661 22.1135 24.4296 
-13.9002 22.2418 24.3963 
-13.9614 22.4639 24.3361 
-13.9683 22.4836 24.3323 
-14.0329 22.6568 24.2951 
-14.0922 22.8065 24.2600 
-14.2150 23.0814 24.2113 
-14.2953 23.2518 24.1780 
-14.3100 23.2851 24.1722 
-14.5202 23.7298 24.1122 
-14.6573 24.0040 24.0858 
-14.7095 24.0993 24.0733 
-14.7181 24.1141 24.0718 
-14.9171 24.4083 24.0238 
-15.0612 24.6345 23.9928 
-15.1190 24.7205 23.9846 
-15.2606 24.9970 23.9814 
-15.4252 25.2534 23.9608 
-15.4791 25.3474 23.9566 
-15.6558 25.6446 23.9541 
-15.7777 25.8100 23.9431 
-15.8151 25.8673 23.9412 
-16.1162 26.3154 23.9414 
-16.1560 26.3686 23.9401 
-16.1860 26.4084 23.9395 
-16.2941 26.5740 23.9425 
-16.4446 26.7893 23.9430 
-16.4629 26.8155 23.9430 
-16.8052 27.4114 23.9781 
-16.8516 27.4645 23.9737 
-16.8607 27.4851 23.9762 
-16.8797 27.5383 23.9769 
-16.9098 27.6107 23.9696 
-17.1343 27.9512 23.9383 
-17.1667 28.0002 23.9342 
-17.4577 28.3505 23.8901 
-17.4798 28.3875 23.8877 
-17.4931 28.4112 23.8838 
-17.7392 28.6463 23.8015 
-17.7596 28.6651 23.7945 
-17.8448 28.7483 23.7526 
-18.0330 28.9322 23.6662 
-18.2867 29.1571 23.5338 
-18.3764 29.2495 23.4609 
-18.4588 29.4576 23.4011 
-18.5559 29.7285 23.3140 
-18.6759 30.0204 23.2019 
-18.7129 30.1370 23.1700 
-18.7995 30.4409 23.0801 
-18.8081 30.4730 23.0713 
-18.8107 30.4828 23.0688 
-18.8137 30.4966 23.0650 
-18.9105 30.9200 22.9401 
-18.9141 30.9389 22.9342 
-18.9971 31.3940 22.7971 
-19.0247 31.5491 22.7514 
-19.0249 31.5508 22.7509 
-19.0371 31.6723 22.7174 
-19.0531 31.8904 22.6676 
-19.1134 32.5390 22.4971 
-19.1218 32.6291 22.4733 
-19.1146 32.9258 22.3733 
-19.1140 33.2174 22.2633 
-19.0962 33.2973 22.2211 
-19.0430 33.5567 22.0743 
-19.0289 33.6241 22.0369 
-18.8007 34.0949 21.6891 
-18.7965 34.1040 21.6817 
-18.7842 34.1280 21.6658 
-18.7706 34.1550 21.6471 
-18.4596 34.5760 21.2937 
-18.4154 34.6365 21.2411 
-18.3440 34.7067 21.1672 
-18.1771 34.8695 21.0020 
-18.1668 34.8796 20.9913 
-18.1567 34.8856 20.9821 
-18.0418 34.9527 20.8815 
-17.9893 34.9686 20.8408 
-17.9557 34.9789 20.8143 
-17.6486 35.0738 20.5899 
-17.6330 35.0760 20.5796 
-17.3594 35.1022 20.3489 
-17.2121 35.1260 20.2618 
-17.0884 35.1329 20.1953 
-16.5379 35.1660 19.9062 
-16.4920 35.1696 19.8840 
-16.3681 35.1693 19.8295 
-15.7158 35.1815 19.5765 
-15.7091 35.1815 19.5738 
-15.6471 35.1779 19.5499 
-14.9119 35.1467 19.2969 
-14.9101 35.1466 19.2962 
-14.8886 35.1446 19.2886 
-14.1111 35.0738 19.0199 
-14.1095 35.0737 19.0195 
-14.1025 35.0730 19.0172 
-13.3035 34.9909 18.7733 
-13.3025 34.9908 18.7730 
-13.2963 34.9901 18.7713 
-12.4922 34.8962 18.5453 
-12.4709 34.8932 18.5396 
-11.6802 34.7795 18.3295 
-11.6782 34.7791 18.3289 
-11.6154 34.7666 18.3113 
-10.8810 34.6189 18.1013 
-10.8715 34.6165 18.0988 
-10.7237 34.5779 18.0563 
-10.1008 34.4151 17.8771 
-10.0689 34.4053 17.8685 
-9.7986 34.3199 17.7896 
-9.3694 34.1851 17.6662 
-9.2685 34.1546 17.6367 
-8.9087 34.0424 17.5271 
-8.4493 33.8513 17.3100 
-8.4055 33.8388 17.2986 
-8.3074 33.8188 17.2672 
-7.7416 33.6493 17.0274 
-7.7160 33.6466 17.0101 
-7.6403 33.6301 16.9505 
-7.5495 33.5855 16.8539 
-7.3418 33.5052 16.5721 
-7.2099 33.4364 16.3700 
-7.1521 33.4132 16.2664 
-6.9828 33.3737 16.0125 
-6.9638 33.3711 15.9871 
-6.7842 33.3539 15.7338 
-6.4489 33.3169 15.2513 
-6.3651 33.2946 15.1054 
-6.2544 33.2647 14.9130 
-6.0380 33.2443 14.6218 
-5.8251 33.2087 14.3480 
-5.7176 33.2120 14.2793 
-5.5377 33.2142 14.1671 
-5.1416 33.2126 13.9096 
-4.9920 33.2206 13.8257 
-4.8307 33.2120 13.7505 
-4.3436 33.1690 13.5008 
-4.2735 33.1664 13.4696 
-4.0949 33.1443 13.4057 
-3.5327 33.0425 13.1708 
-3.5154 33.0392 13.1635 
-3.3982 33.0182 13.1144 
-2.7402 32.7662 12.8021 
-2.7276 32.7627 12.7970 
-2.4791 32.6930 12.6969 
-2.1518 32.5389 12.5194 
-2.0396 32.4737 12.4559 
-2.0354 32.4712 12.4531 
-1.9813 32.4269 12.4136 
-1.9605 32.4108 12.3986 
-1.7492 32.2388 12.1903 
-1.5861 32.1064 12.0296 
-1.5663 32.0812 12.0070 
-1.2654 31.6939 11.6447 
-1.2460 31.6733 11.6355 
-1.1356 31.4232 11.4561 
-1.0204 31.1805 11.3024 
-0.8809 30.9251 11.1294 
-0.8571 30.8955 11.1047 
-0.6778 30.6901 10.9908 
-0.6308 30.6610 10.9647 
-0.2072 30.4107 10.8180 
-0.0927 30.3632 10.7774 
-0.0599 30.3520 10.7655 
0.4968 30.1666 10.5835 
0.5256 30.1474 10.5745 
0.5288 30.1456 10.5734 
0.5997 30.1070 10.5549 
0.7800 29.9907 10.5079 
0.9297 29.8966 10.4796 
1.0449 29.8054 10.4587 
1.0579 29.7950 10.4559 
1.4918 29.3237 10.3709 
1.6417 29.1732 10.3461 
1.7502 29.0730 10.3276 
1.7737 29.0514 10.3241 
1.9924 28.8776 10.2908 
2.3047 28.6129 10.2441 
2.3065 28.6115 10.2438 
2.5634 28.3808 10.2062 
2.7017 28.2328 10.1881 
2.7087 28.2248 10.1872 
2.9069 28.0042 10.1762 
3.0505 27.8190 10.1705 
3.0763 27.7773 10.1703 
3.0974 27.7433 10.1699 
3.3625 27.4780 10.1507 
3.5566 27.2470 10.1401 
3.6699 27.1207 10.1371 
3.8788 26.8497 10.1369 
3.8884 26.8374 10.1373 
4.0937 26.6170 10.1383 
4.2777 26.3748 10.1466 
4.2839 26.3685 10.1466 
4.4663 26.1864 10.1505 
4.6758 25.9376 10.1629 
4.6871 25.9244 10.1642 
4.9954 25.5852 10.1947 
5.0888 25.4546 10.2115 
5.1009 25.4419 10.2126 
5.1855 25.3548 10.2229 
5.4464 25.0240 10.2748 
5.4708 24.9937 10.2810 
5.8249 24.6420 10.3462 
5.8287 24.6383 10.3471 
5.8569 24.6134 10.3525 
5.9217 24.5543 10.3654 
6.2415 24.2066 10.4496 
6.2659 24.1807 10.4569 
6.4740 23.9309 10.5337 
6.6746 23.7293 10.5888 
6.7115 23.6939 10.6007 
7.0129 23.4188 10.6899 
% end
