% Curve 1: 558767, Curve; 
% Length=71.9373; NumberOfSegments=248; FullyAttached=Yes; Closed=Yes; 
% Units: mm
% begin
8.5415 23.2433 13.2885 
8.4921 23.2585 13.2885 
7.7359 23.4477 13.0852 
7.5926 23.4835 13.0502 
6.9062 23.8017 12.8644 
6.8154 23.8395 12.8486 
6.7885 23.8505 12.8399 
6.7101 23.9055 12.8073 
6.1736 24.2161 12.6268 
6.1338 24.2457 12.6124 
5.6281 24.6191 12.4503 
5.5197 24.6842 12.4148 
5.5010 24.6977 12.4088 
5.4404 24.7398 12.3944 
4.9454 25.1517 12.2934 
4.9417 25.1543 12.2925 
4.7375 25.2992 12.2386 
4.4792 25.4538 12.1682 
4.4035 25.5042 12.1794 
3.7601 25.7447 12.0758 
3.6815 25.7891 12.0675 
3.1477 26.0745 12.0420 
2.8920 26.1660 12.0066 
2.8331 26.1852 12.0009 
2.2815 26.4099 11.9824 
2.2159 26.4347 11.9787 
1.4110 26.6890 11.9865 
1.3813 26.6979 11.9840 
1.3717 26.7028 11.9851 
1.3025 26.7442 11.9779 
0.3837 27.0681 11.9658 
0.3475 27.0877 11.9709 
0.0087 27.2175 12.0475 
-0.1723 27.2766 12.0743 
-0.2362 27.2950 12.0854 
-0.8700 27.6235 12.3618 
-0.9576 27.6588 12.3846 
-0.9919 27.7079 12.4277 
-1.4469 28.2421 12.8906 
-1.4508 28.2489 12.8931 
-1.8578 28.6033 13.2881 
-1.9084 28.6415 13.3395 
-2.1404 28.8511 13.6346 
-2.2208 28.9307 13.7490 
-2.3525 29.0353 13.9435 
-2.6072 29.1978 14.2427 
-2.6129 29.2043 14.2548 
-2.8219 29.4275 14.7075 
-2.8844 29.4845 14.8496 
-2.8938 29.4903 14.8623 
-3.0521 29.5661 15.0864 
-3.3707 29.7088 15.4415 
-3.4028 29.7273 15.4914 
-3.6248 29.8497 15.8365 
-3.8686 29.9672 16.1610 
-3.9012 29.9823 16.2023 
-3.9913 30.0208 16.3175 
-4.1637 30.1078 16.5692 
-4.2052 30.1206 16.6105 
-4.2495 30.1335 16.6552 
-4.4325 30.2791 17.0149 
-4.4359 30.2824 17.0231 
-4.5069 30.3526 17.1886 
-4.6286 30.4762 17.4786 
-4.6503 30.4991 17.5288 
-4.7702 30.5476 17.7432 
-4.9319 30.5574 17.9236 
-4.9482 30.5598 17.9411 
-5.3166 30.6214 18.3574 
-5.4069 30.6542 18.5107 
-5.4712 30.6711 18.6273 
-5.8370 30.7020 19.1114 
-5.9348 30.7070 19.2317 
-6.0201 30.7042 19.3432 
-6.2859 30.6769 19.6358 
-6.3261 30.6708 19.6742 
-6.5200 30.6285 19.8684 
-6.7167 30.5966 20.1033 
-6.7195 30.5966 20.1081 
-6.9870 30.5738 20.5659 
-7.0065 30.5706 20.5898 
-7.0176 30.5689 20.6036 
-7.3381 30.4846 21.0124 
-7.3528 30.4807 21.0353 
-7.3813 30.4688 21.0810 
-7.7143 30.3296 21.5907 
-7.8237 30.2842 21.7480 
-7.8455 30.2741 21.8146 
-8.1081 30.0468 22.7265 
-8.1607 29.9513 22.9594 
-8.1617 29.9493 22.9642 
-8.1623 29.9460 22.9742 
-8.2095 29.7317 23.6220 
-8.2005 29.5348 23.9896 
-8.2261 29.3857 24.2296 
-8.2292 29.3462 24.2975 
-8.1690 28.9552 24.7049 
-8.1632 28.8993 24.7610 
-8.1484 28.8189 24.8210 
-8.1382 28.7269 24.9064 
-8.1772 28.2819 25.1182 
-8.1663 28.1780 25.1453 
-8.0059 27.7025 25.3576 
-7.9768 27.5593 25.4062 
-7.9644 27.5033 25.4235 
-7.8652 26.5944 25.6157 
-7.8410 26.5188 25.6452 
-7.8310 26.4896 25.6560 
-7.7986 26.3738 25.6909 
-7.7601 26.1245 25.7310 
-7.7174 25.9480 25.7466 
-7.7184 25.8875 25.7371 
-7.7192 25.8707 25.7339 
-7.7574 25.4035 25.6694 
-7.7455 25.2965 25.6713 
-7.7102 25.0710 25.6633 
-7.7070 24.9952 25.6542 
-7.6863 24.8030 25.6115 
-7.6744 24.6087 25.5622 
-7.6712 24.5726 25.5515 
-7.5905 24.2979 25.5069 
-7.5191 23.9553 25.4321 
-7.5166 23.9448 25.4293 
-7.3266 23.4329 25.3295 
-7.3186 23.4117 25.3255 
-7.1525 22.9906 25.2290 
-7.0268 22.6672 25.1538 
-6.9902 22.5781 25.1299 
-6.7767 22.0497 25.0028 
-6.6966 21.8934 24.9530 
-6.6479 21.8054 24.9198 
-6.3410 21.4876 24.8789 
-6.1120 21.3049 24.7921 
-6.0454 21.2695 24.8119 
-5.3054 20.9583 25.1412 
-5.1125 20.8493 25.3322 
-5.0066 20.8232 25.3956 
-4.2053 20.5955 26.0414 
-3.9046 20.4998 26.2500 
-3.8981 20.4975 26.2545 
-2.9790 20.2392 26.7651 
-2.4774 20.0525 27.0016 
-2.3423 20.0060 27.0581 
-0.9059 19.4391 27.6248 
-0.5490 19.2970 27.7650 
-0.1891 19.1726 27.8739 
1.0399 18.6733 28.1981 
1.4006 18.5081 28.2811 
1.5511 18.4645 28.2890 
1.7326 18.4148 28.3010 
2.2381 18.2979 28.3543 
2.3180 18.2910 28.3511 
2.9607 18.2057 28.2994 
3.1948 18.1932 28.2554 
3.8453 18.3670 28.2155 
3.8762 18.3762 28.2152 
4.0265 18.4066 28.2340 
4.5069 18.7636 28.2318 
4.5482 18.8018 28.2389 
4.8253 19.1037 28.2057 
4.9792 19.2797 28.1888 
5.0016 19.3032 28.1860 
5.0424 19.3486 28.1756 
5.4162 19.7602 28.0808 
5.4620 19.8125 28.0649 
5.5764 19.9169 28.0230 
6.0048 20.3826 27.8723 
6.0121 20.3910 27.8688 
6.1926 20.5604 27.7780 
6.6008 20.9879 27.5777 
6.6140 21.0035 27.5686 
7.0151 21.4551 27.2923 
7.1893 21.6310 27.1713 
7.2168 21.6667 27.1526 
7.2837 21.7613 27.0948 
7.6482 22.1613 26.7794 
7.7623 22.2961 26.6807 
7.7888 22.3307 26.6527 
8.1505 22.8056 26.2589 
8.1772 22.8267 26.2412 
8.1818 22.8485 26.2180 
8.5348 23.2920 25.7750 
8.5815 23.3636 25.7149 
8.6139 23.4137 25.6725 
8.9705 23.8894 25.2070 
8.9908 23.9162 25.1808 
9.3607 24.3312 24.7223 
9.4198 24.3901 24.6625 
9.9749 24.9637 24.0665 
10.0409 24.9987 24.0309 
10.0571 25.0129 24.0142 
10.0799 25.0442 23.9731 
10.8233 25.6132 23.1876 
10.8675 25.6376 23.1371 
10.9840 25.7075 22.9895 
11.4069 25.8682 22.5512 
11.4637 25.8673 22.4832 
11.5562 25.8698 22.3282 
11.7113 25.7700 22.0646 
11.7204 25.7633 22.0489 
11.9587 25.6457 21.7924 
12.0208 25.6160 21.7254 
12.2802 25.4728 21.3939 
12.2997 25.4653 21.3677 
12.3020 25.4643 21.3647 
12.3635 25.4346 21.2848 
12.6392 25.2847 20.9424 
12.6488 25.2788 20.9312 
12.7035 25.2493 20.8721 
12.8080 25.2096 20.7320 
12.8127 25.2075 20.7251 
12.9016 25.1623 20.5991 
12.9663 25.1391 20.5226 
13.0198 25.1637 20.4253 
13.2081 25.1484 20.0708 
13.2405 25.1405 19.9998 
13.3557 25.1673 19.5322 
13.3790 25.1680 19.4562 
13.3927 25.1451 19.3521 
13.4238 25.0911 19.0266 
13.4248 25.0795 18.9926 
13.4178 24.8086 18.2774 
13.4073 24.7237 18.0300 
13.3974 24.6917 17.9200 
13.3285 24.5507 17.5623 
13.2191 24.2734 16.9040 
13.1981 24.2244 16.7969 
12.8845 23.8640 16.0476 
12.8663 23.8431 16.0239 
12.8479 23.8301 16.0118 
12.5188 23.5669 15.5149 
12.4408 23.5074 15.4235 
12.1543 23.3411 15.0994 
12.0471 23.2886 14.9964 
11.9330 23.2329 14.8834 
11.4535 23.0676 14.5107 
11.2987 23.0760 14.4341 
11.0637 23.0869 14.3252 
10.7853 23.0705 14.1575 
10.5728 23.0349 14.0061 
10.5107 23.0217 13.9765 
9.8733 23.0498 13.6966 
9.8579 23.0490 13.6941 
9.8425 23.0484 13.7004 
9.3319 23.0857 13.5306 
9.2848 23.0952 13.5159 
8.5920 23.2347 13.3015 
8.5715 23.2386 13.2963 
8.5415 23.2433 13.2885 
% end
