% Curve 1: 558828 , Curve; 
% Length=84.5171; NumberOfSegments=370; FullyAttached=Yes; Closed=Yes; 
% Units: mm
% begin
1.7272 31.2587 18.5169 
1.7083 31.2665 18.5186 
1.3324 31.4147 18.6108 
1.3014 31.4260 18.6250 
1.1228 31.5212 18.7161 
0.9728 31.5970 18.8244 
0.5847 31.8305 19.1217 
0.3720 31.9827 19.2958 
0.2734 32.0474 19.3738 
0.0024 32.2272 19.5765 
-0.0634 32.2531 19.6341 
-0.0833 32.2392 19.6584 
-0.1346 32.2449 19.6642 
-0.3486 32.2940 19.6535 
-0.5520 32.3372 19.6409 
-0.7061 32.3676 19.6345 
-0.7170 32.3649 19.6406 
-0.9776 32.4570 19.6889 
-1.0503 32.4831 19.7021 
-1.4467 32.4961 19.6210 
-1.6216 32.5085 19.6129 
-1.9248 32.5090 19.6244 
-1.9376 32.5028 19.6324 
-2.0982 32.5154 19.6579 
-2.2316 32.5155 19.6875 
-2.5083 32.4537 19.6890 
-2.6006 32.4451 19.7012 
-3.0675 32.3284 19.8619 
-3.3583 32.1924 19.9168 
-3.4061 32.1715 19.9241 
-3.5006 32.1270 19.9397 
-4.1591 31.8139 20.0401 
-4.2108 31.7836 20.0506 
-4.2297 31.7725 20.0544 
-4.2716 31.7523 20.0614 
-4.7461 31.4606 20.1441 
-4.8383 31.3924 20.1666 
-5.2810 31.0750 20.2870 
-5.4528 30.9397 20.3183 
-5.5148 30.8966 20.3369 
-5.8078 30.6546 20.4524 
-5.8888 30.5241 20.5293 
-5.9285 30.4526 20.5621 
-5.9570 30.4164 20.5950 
-6.1761 30.0497 20.9477 
-6.2518 29.9673 21.0195 
-6.3224 29.9013 21.1002 
-6.5926 29.8109 21.6190 
-6.8302 29.9005 22.1075 
-6.9588 29.8730 22.5604 
-6.9598 29.8724 22.5654 
-7.0796 29.8227 23.1192 
-7.1275 29.7588 23.9296 
-7.1412 29.7499 24.0593 
-7.1786 29.5665 25.0968 
-7.1688 29.5249 25.2189 
-7.2558 29.4059 25.5228 
-7.3334 29.1948 25.9057 
-7.3720 29.1386 25.9631 
-7.3741 29.1349 25.9699 
-7.4227 29.0801 26.1113 
-7.6705 28.7963 26.6017 
-7.7199 28.7271 26.7045 
-7.8894 28.5043 27.0176 
-7.9301 28.4357 27.1331 
-7.9544 28.4041 27.1774 
-8.0011 28.3341 27.2671 
-8.2557 27.9211 27.7099 
-8.2601 27.9120 27.7186 
-8.3782 27.6531 27.9782 
-8.4365 27.5042 28.1508 
-8.5133 27.2290 28.4384 
-8.5253 27.1595 28.5241 
-8.5274 27.1504 28.5342 
-8.5458 26.9043 28.7558 
-8.5455 26.8882 28.7680 
-8.5142 26.6760 28.9544 
-8.5068 26.1904 29.3141 
-8.5128 26.0066 29.4467 
-8.5128 26.0009 29.4509 
-8.5045 25.7616 29.5840 
-8.5062 25.7276 29.6020 
-8.5030 25.1727 29.7867 
-8.4943 25.0904 29.8176 
-8.4824 25.0540 29.8346 
-8.4372 24.9323 29.8781 
-8.2662 24.2496 30.1486 
-8.2629 24.2413 30.1525 
-8.2535 24.2182 30.1642 
-8.2534 24.1778 30.1772 
-8.1880 23.2385 30.3159 
-8.1774 23.1840 30.3315 
-8.1447 23.0445 30.3672 
-8.0138 22.3150 30.4846 
-7.9617 22.1359 30.5478 
-7.7857 21.4389 30.8031 
-7.7771 21.3960 30.8193 
-7.7680 21.3767 30.8359 
-7.7420 21.2762 30.9025 
-7.6846 21.1136 30.9897 
-7.5160 20.6808 31.2078 
-7.4777 20.4900 31.2669 
-7.4633 20.4140 31.2896 
-7.4366 20.3132 31.3104 
-7.4045 20.2209 31.3202 
-7.3238 19.9356 31.3371 
-7.2753 19.7857 31.3503 
-7.2681 19.7666 31.3507 
-7.1045 19.4663 31.3922 
-7.0699 19.4002 31.4030 
-6.8438 19.1240 31.5023 
-6.5554 18.7895 31.6325 
-6.5304 18.7676 31.6451 
-6.2093 18.4992 31.7795 
-6.1989 18.4907 31.7836 
-5.9736 18.2993 31.8699 
-5.7592 18.1296 31.9541 
-5.7397 18.1145 31.9618 
-5.6111 18.0196 32.0039 
-5.5715 17.9916 32.0171 
-5.5277 17.9623 32.0277 
-5.4550 17.9065 32.0439 
-4.9944 17.5812 32.1525 
-4.9265 17.5411 32.1703 
-4.7305 17.4374 32.1935 
-4.6911 17.4137 32.1975 
-4.2901 17.1989 32.1755 
-4.0482 17.1166 32.1771 
-3.8028 17.0381 32.1636 
-3.6246 16.9853 32.1551 
-3.6200 16.9840 32.1546 
-3.1539 16.8636 32.1198 
-3.1077 16.8527 32.1166 
-3.0810 16.8465 32.1144 
-2.9059 16.8023 32.0988 
-2.5327 16.7285 32.0732 
-2.5173 16.7252 32.0724 
-2.1102 16.6490 32.0553 
-2.0796 16.6464 32.0556 
-2.0611 16.6446 32.0561 
-1.8884 16.6023 32.0455 
-1.5146 16.5186 32.0269 
-1.4935 16.5136 32.0257 
-0.9161 16.3773 31.9953 
-0.8939 16.3708 31.9934 
-0.8826 16.3676 31.9924 
-0.5661 16.3086 31.9848 
-0.3819 16.2745 31.9807 
-0.3747 16.2732 31.9806 
-0.3638 16.2712 31.9804 
-0.3002 16.2620 31.9813 
0.3239 16.1731 31.9901 
0.3279 16.1727 31.9903 
0.4828 16.1601 31.9952 
0.7215 16.1483 32.0074 
0.7599 16.1466 32.0089 
1.2669 16.1055 32.0167 
1.3004 16.1030 32.0169 
1.4363 16.0935 32.0186 
1.5704 16.0896 32.0238 
1.7561 16.0854 32.0292 
1.9228 16.0908 32.0399 
1.9462 16.0913 32.0417 
2.4082 16.1191 32.0901 
2.6551 16.1272 32.1108 
2.6699 16.1271 32.1128 
2.9545 16.1362 32.1596 
2.9738 16.1349 32.1612 
3.3540 16.0998 32.2018 
3.5616 16.0856 32.2284 
3.6396 16.0859 32.2316 
4.0987 15.9800 32.2633 
4.1569 15.9646 32.2639 
4.2066 15.9523 32.2637 
4.4073 15.8943 32.2478 
4.8720 15.7219 32.2152 
4.8925 15.7143 32.2136 
5.2996 15.5512 32.1738 
5.4346 15.4941 32.1586 
5.4384 15.4923 32.1581 
5.4915 15.4721 32.1449 
5.7322 15.3798 32.0843 
5.7751 15.3671 32.0686 
6.2018 15.2271 31.9010 
6.2512 15.2130 31.8834 
6.4834 15.1598 31.7844 
6.9538 15.0055 31.5372 
7.0503 14.9734 31.4859 
7.1055 14.9585 31.4527 
7.3705 14.8817 31.2870 
7.6724 14.7786 31.0784 
7.6761 14.7778 31.0755 
7.8572 14.7223 30.9186 
8.1337 14.6318 30.6700 
8.2660 14.5935 30.5464 
8.6626 14.5102 30.2248 
8.8088 14.4766 30.1018 
8.9814 14.4051 29.9900 
9.1376 14.3308 29.9232 
9.4651 14.3683 29.7984 
9.8203 14.4562 29.5475 
9.9129 14.4844 29.5502 
10.0432 14.5619 29.5362 
10.5310 14.7888 29.5237 
10.6215 14.8401 29.5329 
10.7962 14.9610 29.5376 
11.1416 15.1977 29.5791 
11.1469 15.2014 29.5797 
11.5895 15.4932 29.6177 
11.7219 15.5842 29.6345 
11.7558 15.6070 29.6390 
12.2534 15.9310 29.6839 
12.3616 15.9991 29.6888 
12.3777 16.0090 29.6891 
12.3854 16.0136 29.6892 
12.9475 16.3601 29.7172 
13.0418 16.4174 29.7192 
13.1067 16.4564 29.7208 
13.5351 16.7155 29.7374 
13.5779 16.7410 29.7377 
13.8333 16.8950 29.7388 
14.0836 17.0446 29.7351 
14.1334 17.0766 29.7339 
14.5464 17.3415 29.7244 
14.6212 17.3902 29.7251 
14.7551 17.4893 29.7239 
15.1613 17.7877 29.7111 
15.1643 17.7904 29.7110 
15.5581 18.1433 29.6668 
15.6613 18.2331 29.6469 
15.7012 18.2780 29.6361 
15.9436 18.5393 29.5440 
16.0320 18.6240 29.4870 
16.1346 18.7496 29.4045 
16.3840 19.0667 29.2258 
16.3976 19.0895 29.2129 
16.5262 19.3160 29.1103 
16.6544 19.5389 29.0024 
16.7548 19.7412 28.9043 
17.0767 20.4513 28.6738 
17.0985 20.4986 28.6568 
17.1063 20.5176 28.6498 
17.1291 20.5811 28.6359 
17.3876 21.2820 28.4618 
17.4276 21.3985 28.4422 
17.6124 21.9709 28.3429 
17.6385 22.0486 28.3264 
17.6471 22.0759 28.3224 
17.6620 22.1272 28.3146 
17.8407 22.7212 28.2057 
17.8669 22.8112 28.1921 
17.9360 23.0587 28.1539 
17.9757 23.1837 28.1173 
18.0266 23.3750 28.0600 
18.0429 23.4561 28.0505 
18.0448 23.4867 28.0450 
18.0599 23.6522 28.0079 
18.1265 24.0891 27.8736 
18.1349 24.1286 27.8582 
18.1447 24.1903 27.8301 
18.1912 24.7666 27.6069 
18.2065 24.8423 27.5693 
18.2170 24.9157 27.5263 
18.2989 25.1411 27.3578 
18.3377 25.2657 27.2579 
18.3952 25.5000 27.0433 
18.5435 25.7384 26.7035 
18.5866 25.8407 26.5856 
18.6151 25.9886 26.3785 
18.6344 26.0407 26.2808 
18.6394 26.1422 26.0601 
18.6299 26.4347 25.5819 
18.6207 26.4792 25.5055 
18.5813 26.6675 25.1940 
18.5731 26.6857 25.1616 
18.5344 26.7777 25.0333 
18.5128 26.8201 24.9316 
18.4288 26.9094 24.7011 
18.3824 26.9483 24.5589 
18.3312 27.0011 24.4163 
18.2612 27.0573 24.2552 
17.9947 27.2168 23.5893 
17.9464 27.2645 23.4871 
17.7443 27.4231 23.1433 
17.7073 27.4342 23.0745 
17.6877 27.4391 23.0448 
17.5846 27.4976 22.9016 
17.1830 27.6479 22.3150 
17.0836 27.6760 22.1945 
16.8827 27.7786 21.9874 
16.8037 27.8032 21.8937 
16.7843 27.8072 21.8745 
16.3913 27.8855 21.4835 
16.2120 27.9196 21.3037 
16.1814 27.9247 21.2744 
15.6227 28.0746 20.8427 
15.6154 28.0836 20.8263 
15.5346 28.0977 20.7375 
15.5129 28.1032 20.7191 
15.4737 28.1095 20.6896 
15.2632 28.1549 20.5465 
14.9394 28.2125 20.3100 
14.8682 28.2267 20.2600 
14.8244 28.2373 20.2268 
14.4533 28.3441 20.0176 
14.4372 28.3538 20.0026 
14.3294 28.3962 19.9184 
14.3232 28.3975 19.9144 
14.3060 28.4017 19.9049 
13.8007 28.5460 19.6718 
13.7894 28.5496 19.6674 
13.5499 28.6236 19.5768 
13.2889 28.7033 19.4758 
13.2812 28.7055 19.4729 
12.7520 28.8757 19.3149 
12.7419 28.8788 19.3120 
12.6816 28.8984 19.2978 
12.1947 29.0446 19.1567 
12.0588 29.0888 19.1249 
11.8743 29.1425 19.0844 
11.2626 29.3187 18.9456 
11.1230 29.3572 18.9091 
11.1123 29.3603 18.9065 
11.0190 29.3914 18.8816 
10.5927 29.4953 18.7329 
10.3584 29.5612 18.6336 
10.2529 29.5680 18.5651 
10.2496 29.5686 18.5635 
10.1410 29.5809 18.5243 
9.8799 29.6095 18.4293 
9.7825 29.6167 18.3989 
9.6046 29.6230 18.3384 
9.1972 29.6487 18.2079 
9.1574 29.6527 18.1963 
8.6682 29.6765 18.0892 
8.6537 29.6769 18.0858 
8.6464 29.6775 18.0844 
8.5433 29.6862 18.0644 
7.8755 29.6926 18.0035 
7.8248 29.6955 18.0007 
7.6487 29.6934 18.0077 
7.2142 29.7005 18.0341 
7.1809 29.7009 18.0360 
6.9466 29.6887 18.0696 
6.6620 29.6962 18.1282 
6.6554 29.6962 18.1298 
6.4328 29.6803 18.1723 
6.1885 29.6575 18.2143 
6.1038 29.6524 18.2312 
5.7894 29.6461 18.2779 
5.6853 29.6512 18.2994 
5.5641 29.6649 18.3155 
5.2259 29.7079 18.3644 
4.9565 29.7595 18.4188 
4.6935 29.8314 18.4482 
4.6283 29.8452 18.4518 
4.5860 29.8609 18.4603 
4.3830 29.9335 18.4990 
4.0894 30.0649 18.5313 
3.9890 30.1232 18.5531 
3.9764 30.1292 18.5549 
3.5871 30.3528 18.5664 
3.5728 30.3601 18.5663 
3.0642 30.6364 18.5373 
3.0193 30.6688 18.5383 
2.5047 30.9020 18.4916 
2.4488 30.9258 18.4900 
2.2577 31.0558 18.4971 
2.0572 31.1215 18.4862 
1.9366 31.1580 18.4950 
1.7272 31.2587 18.5169 
% end
