% Curve 1: 559079, Curve; 
% Length=84.4156; NumberOfSegments=395; FullyAttached=Yes; Closed=Yes; 
% Units: mm
% begin
4.4935 26.8018 9.1399 
4.4736 26.8028 9.1462 
4.2992 26.8162 9.2099 
3.9422 26.8336 9.3455 
3.8625 26.8318 9.3789 
3.8587 26.8317 9.3805 
3.7602 26.8404 9.4158 
3.2257 26.8769 9.6151 
3.1072 26.8677 9.6721 
3.0896 26.8666 9.6808 
2.4287 26.8625 9.9776 
2.4196 26.8625 9.9818 
2.3981 26.8616 9.9931 
2.3661 26.8607 10.0093 
1.9698 26.8548 10.2059 
1.9174 26.8558 10.2343 
1.6617 26.8596 10.3743 
1.5016 26.8556 10.4680 
1.4852 26.8570 10.4759 
1.3059 26.8813 10.5763 
0.9360 26.9214 10.7932 
0.9061 26.9257 10.8119 
0.6910 26.9755 10.9273 
0.2791 27.0558 11.1636 
0.2571 27.0609 11.1773 
-0.1979 27.2127 11.4217 
-0.3676 27.2649 11.5167 
-0.4374 27.2902 11.5610 
-0.5955 27.3625 11.6481 
-0.7631 27.4329 11.7460 
-0.9441 27.5215 11.8667 
-1.0054 27.5496 11.9091 
-1.0193 27.5560 11.9188 
-1.0562 27.5755 11.9479 
-1.4659 27.8041 12.2637 
-1.4821 27.8141 12.2754 
-1.8195 28.0443 12.5465 
-1.9048 28.1041 12.6138 
-1.9256 28.1183 12.6305 
-2.2517 28.3722 12.9332 
-2.2724 28.3936 12.9552 
-2.3253 28.4404 13.0159 
-2.5825 28.6630 13.3137 
-2.6387 28.7031 13.3834 
-2.6981 28.7535 13.4726 
-2.9387 28.9965 13.8208 
-2.9405 28.9988 13.8242 
-3.1149 29.2209 14.1697 
-3.1486 29.2577 14.2373 
-3.1610 29.2760 14.2730 
-3.3818 29.5297 14.8459 
-3.3821 29.5370 14.8893 
-3.3875 29.5403 14.9038 
-3.4010 29.5553 14.9862 
-3.5785 29.7648 15.5470 
-3.5871 29.7760 15.5786 
-3.6689 29.8707 15.8694 
-3.7368 29.9451 16.1069 
-3.7418 29.9503 16.1243 
-3.8295 30.0462 16.4547 
-3.9486 30.1111 16.7999 
-3.9515 30.1143 16.8104 
-4.0361 30.2065 17.0943 
-4.2083 30.4027 17.6833 
-4.2117 30.4063 17.6930 
-4.3347 30.5624 18.0727 
-4.3938 30.6225 18.2394 
-4.4183 30.6459 18.2978 
-4.5719 30.7682 18.6430 
-4.5936 30.7821 18.6887 
-4.7596 30.8879 19.0250 
-4.8231 30.9107 19.1523 
-4.8251 30.9115 19.1561 
-4.8866 30.9457 19.2377 
-5.1181 31.0066 19.6192 
-5.2541 30.9949 19.8048 
-5.2766 30.9974 19.8367 
-5.4220 31.0071 20.0638 
-5.7299 31.0531 20.5767 
-5.7531 31.0550 20.6206 
-6.1092 31.1225 21.3589 
-6.1220 31.1267 21.3667 
-6.1323 31.1256 21.3929 
-6.1477 31.1233 21.4306 
-6.3222 31.0858 21.8404 
-6.4308 31.0275 22.2149 
-6.4610 31.0066 22.3072 
-6.4706 30.9943 22.3527 
-6.5097 30.9279 22.4722 
-6.6578 30.6926 22.9852 
-6.6655 30.6800 23.0104 
-6.6982 30.5207 23.2993 
-6.7079 30.4813 23.3449 
-6.7319 30.4252 23.4147 
-6.7785 30.2099 23.6309 
-6.7960 30.1440 23.6867 
-6.7986 30.0895 23.7312 
-6.8264 29.5772 24.1015 
-6.8299 29.5131 24.1473 
-6.8296 29.5052 24.1529 
-6.8290 29.4663 24.1745 
-6.8220 28.9443 24.4615 
-6.8218 28.9434 24.4619 
-6.7800 28.6592 24.6007 
-6.7566 28.5019 24.6784 
-6.7160 28.3628 24.7436 
-6.6424 28.1176 24.8663 
-6.5804 27.9176 24.9739 
-6.5499 27.8447 25.0118 
-6.3503 27.3933 25.2876 
-6.3240 27.3302 25.3201 
-6.3124 27.3029 25.3349 
-6.3023 27.2842 25.3450 
-6.0955 26.8974 25.5447 
-6.0798 26.8751 25.5559 
-5.9608 26.6990 25.6334 
-5.7691 26.3769 25.7155 
-5.7615 26.3644 25.7190 
-5.5096 26.0093 25.8091 
-5.3564 25.7512 25.8290 
-5.2805 25.6427 25.8311 
-5.0811 25.3846 25.8557 
-5.0279 25.2947 25.8473 
-4.8746 25.0554 25.8152 
-4.8016 24.9621 25.7943 
-4.7836 24.9245 25.7827 
-4.5757 24.5093 25.6426 
-4.5245 24.4446 25.6309 
-4.4697 24.3810 25.6141 
-4.1555 23.8709 25.4551 
-4.1337 23.8336 25.4352 
-4.1277 23.8181 25.4293 
-4.1270 23.8165 25.4288 
-3.8539 23.3787 25.2729 
-3.8512 23.3730 25.2709 
-3.6519 22.9619 25.1099 
-3.5857 22.8325 25.0588 
-3.5764 22.8156 25.0521 
-3.5624 22.7905 25.0410 
-3.4976 22.6251 24.9695 
-3.3127 22.1338 24.7739 
-3.2990 22.0923 24.7574 
-3.2603 21.9744 24.7104 
-3.0982 21.5846 24.5451 
-3.0906 21.5663 24.5378 
-2.9748 21.3132 24.4334 
-2.8368 21.1185 24.3369 
-2.8095 21.0881 24.3200 
-2.7264 20.9970 24.2845 
-2.6894 20.9578 24.2788 
-2.3427 20.7945 24.2291 
-2.2583 20.7606 24.2171 
-2.2166 20.7438 24.2119 
-2.1530 20.7278 24.2049 
-1.9555 20.7104 24.1692 
-1.3551 20.5752 24.1095 
-1.2469 20.5681 24.1117 
-1.0890 20.5584 24.1106 
-0.4745 20.5647 24.1248 
-0.4420 20.5663 24.1163 
0.2973 20.5528 24.1299 
0.3810 20.5422 24.1296 
0.4628 20.5321 24.1275 
0.8452 20.4944 24.1199 
1.0923 20.4692 24.1147 
1.1320 20.4654 24.1124 
1.2684 20.4436 24.1024 
1.6668 20.3545 24.0687 
1.6789 20.3519 24.0673 
2.2009 20.2461 24.0097 
2.2294 20.2395 24.0064 
2.2846 20.2267 24.0002 
2.3697 20.2128 23.9914 
2.7935 20.1592 23.9491 
2.8221 20.1575 23.9465 
3.2411 20.1316 23.9220 
3.3340 20.1279 23.9166 
3.3528 20.1267 23.9156 
3.3976 20.1234 23.9152 
3.9541 20.0798 23.9097 
3.9766 20.0779 23.9105 
4.4254 20.0329 23.9260 
4.6212 20.0142 23.9327 
4.6792 20.0089 23.9348 
4.7109 20.0059 23.9366 
5.3964 19.9590 23.9753 
5.4393 19.9612 23.9783 
5.4755 19.9629 23.9813 
6.0379 19.9508 24.0213 
6.0535 19.9506 24.0223 
6.2488 19.9597 24.0372 
6.6208 19.9673 24.0639 
6.6291 19.9672 24.0644 
7.0699 19.9595 24.0899 
7.2756 19.9667 24.1046 
7.3008 19.9655 24.1059 
7.3751 19.9627 24.1072 
7.8419 19.9142 24.1050 
7.8486 19.9136 24.1047 
7.8775 19.9107 24.1032 
8.3549 19.8127 24.0572 
8.3773 19.8086 24.0537 
8.9314 19.6781 23.9360 
9.0672 19.6359 23.9206 
9.1270 19.6124 23.9044 
9.1552 19.6022 23.8949 
9.3205 19.5363 23.8339 
9.9241 19.3482 23.6504 
9.9450 19.3410 23.6436 
10.1198 19.2898 23.5759 
10.5505 19.1363 23.3874 
10.5744 19.1309 23.3744 
11.0651 18.9852 23.1412 
11.0737 18.9830 23.1369 
11.4456 18.9169 22.9815 
11.6529 18.8707 22.8996 
11.6866 18.8677 22.8901 
11.7460 18.8696 22.8670 
12.3006 18.8396 22.7489 
12.3928 18.8521 22.7469 
12.4552 18.8645 22.7420 
12.8316 18.9660 22.7419 
12.8997 18.9830 22.7431 
12.9577 19.0063 22.7539 
13.2783 19.1511 22.8317 
13.3228 19.1783 22.8506 
13.5611 19.3509 22.9319 
13.5665 19.3553 22.9334 
13.6766 19.4487 22.9681 
13.7894 19.5418 23.0016 
13.9727 19.7112 23.0433 
14.0008 19.7359 23.0487 
14.0118 19.7474 23.0523 
14.0154 19.7515 23.0533 
14.5666 20.2644 23.1196 
14.5715 20.2703 23.1213 
14.6027 20.3091 23.1311 
14.7228 20.4218 23.1418 
14.9987 20.6882 23.1459 
15.0722 20.7704 23.1420 
15.2499 20.9473 23.1075 
15.4478 21.1481 23.0733 
15.5374 21.2494 23.0531 
16.0434 21.8185 22.9362 
16.0548 21.8313 22.9335 
16.0568 21.8337 22.9331 
16.0821 21.8635 22.9279 
16.5518 22.4029 22.8135 
16.5945 22.4531 22.8048 
16.8021 22.6891 22.7651 
17.0607 22.9818 22.7141 
17.1031 23.0298 22.7057 
17.5332 23.4928 22.6293 
17.5866 23.5497 22.6189 
17.5892 23.5523 22.6184 
17.6171 23.5817 22.6127 
18.0666 24.0506 22.5125 
18.1324 24.1231 22.4964 
18.4636 24.4850 22.4084 
18.6366 24.6696 22.3554 
18.6739 24.7139 22.3421 
18.9546 25.0436 22.2368 
19.1770 25.3201 22.1465 
19.2599 25.4160 22.1039 
19.2685 25.4261 22.0996 
19.3332 25.5187 22.0569 
19.6416 25.9446 21.8647 
19.6623 25.9820 21.8336 
19.7348 26.1023 21.7345 
19.8467 26.2912 21.5834 
19.8493 26.3308 21.5467 
19.8548 26.3921 21.4807 
19.8347 26.4284 21.4374 
19.7483 26.5653 21.2169 
19.6336 26.7460 20.9233 
19.6030 26.7843 20.8593 
19.4687 26.9251 20.5486 
19.3614 27.0253 20.2866 
19.3546 27.0316 20.2700 
19.1001 27.2353 19.7129 
19.0320 27.2866 19.5617 
19.0178 27.2986 19.5266 
18.9047 27.4156 19.2685 
18.7125 27.5992 18.8160 
18.6810 27.6374 18.7493 
18.5353 27.8475 18.3884 
18.5009 27.8946 18.3004 
18.4892 27.9132 18.2732 
18.4858 27.9209 18.2621 
18.3660 28.1877 17.8691 
18.3639 28.1940 17.8596 
18.3367 28.2774 17.7454 
18.2644 28.4835 17.4170 
18.2526 28.5204 17.3688 
18.1861 28.7414 17.0812 
18.1533 28.8483 16.9332 
18.1520 28.8522 16.9264 
18.0656 29.1223 16.4396 
18.0447 29.1887 16.3258 
18.0407 29.2016 16.3038 
18.0145 29.2920 16.2038 
17.9182 29.6229 15.8303 
17.9112 29.6482 15.8019 
17.8850 29.7441 15.7010 
17.8483 29.8780 15.5568 
17.8300 29.9691 15.4601 
17.8081 30.0889 15.3151 
17.7929 30.1790 15.1844 
17.8338 30.1160 15.0329 
17.8375 30.0915 14.9972 
17.8418 30.0476 14.9339 
17.8445 30.0208 14.8958 
17.8769 29.9130 14.7412 
17.9023 29.8222 14.6350 
17.9071 29.7841 14.5917 
17.9192 29.6821 14.3127 
17.9203 29.6732 14.2927 
17.9454 29.6211 14.1727 
17.9563 29.6381 14.0592 
17.9342 29.6922 13.7306 
17.9123 29.7954 13.5782 
17.8439 29.9179 13.3877 
17.7876 30.0006 13.1259 
17.7790 30.0283 13.0995 
17.7404 30.1561 12.9766 
17.6938 30.2062 12.8827 
17.6472 30.2595 12.7834 
17.5531 30.3048 12.5645 
17.5478 30.3072 12.5523 
17.3778 30.3590 12.3548 
17.1949 30.3747 12.1376 
17.0876 30.3823 12.0197 
16.8610 30.3625 11.7454 
16.6388 30.3473 11.5153 
16.2367 30.3204 11.1870 
16.1732 30.3029 11.1390 
16.1257 30.2942 11.0992 
16.1016 30.2892 11.0807 
15.5215 30.1478 10.6254 
15.4499 30.1422 10.5755 
15.1778 30.1084 10.4284 
14.9280 30.0430 10.2752 
14.7706 29.9921 10.2020 
14.4549 29.9539 10.0978 
14.4031 29.9462 10.0797 
14.0416 29.8597 9.9994 
13.8915 29.8036 9.9610 
13.8191 29.7842 9.9350 
13.6513 29.7752 9.8532 
13.4317 29.6545 9.7019 
13.3904 29.6335 9.6872 
13.1186 29.3972 9.5858 
13.0315 29.3201 9.5531 
12.9534 29.2500 9.5188 
12.7441 28.9981 9.4160 
12.7400 28.9932 9.4134 
12.4847 28.6581 9.2499 
12.4356 28.6053 9.2115 
12.3849 28.5498 9.1769 
12.2560 28.4559 9.1117 
11.8354 28.0707 8.8605 
11.7740 28.0442 8.8383 
11.3643 27.8461 8.7304 
11.1977 27.7684 8.6879 
11.1535 27.7466 8.6790 
10.5625 27.5179 8.5891 
10.4566 27.4834 8.5758 
10.4215 27.4703 8.5754 
9.7283 27.2501 8.5581 
9.7149 27.2449 8.5597 
9.5865 27.1955 8.5752 
9.5652 27.1874 8.5737 
9.5610 27.1860 8.5735 
9.5487 27.1838 8.5732 
8.7649 26.9926 8.5425 
8.7437 26.9902 8.5422 
8.0324 26.8984 8.5778 
7.9532 26.8871 8.5875 
7.9170 26.8947 8.5915 
7.9004 26.8981 8.5930 
7.6779 26.9063 8.6353 
7.2078 26.8790 8.6692 
7.1945 26.8783 8.6705 
6.6056 26.8299 8.7349 
6.5973 26.8288 8.7359 
6.5713 26.8256 8.7404 
6.5124 26.8211 8.7495 
5.8524 26.7560 8.8569 
5.7942 26.7584 8.8636 
5.5262 26.7740 8.9066 
5.1560 26.7621 8.9801 
5.0636 26.7664 8.9955 
4.8392 26.7820 9.0432 
4.6930 26.7882 9.0764 
4.6044 26.7957 9.1038 
4.4935 26.8018 9.1399 
% end
