% Curve 1: 563705, Curve; 
% Length=140.106; NumberOfSegments=747; FullyAttached=Yes; Closed=Yes; 
% Units: mm
% begin
5.4510 30.3698 14.3501 
5.4896 30.3574 14.3564 
5.5183 30.3475 14.3625 
5.6717 30.3028 14.4005 
6.1114 30.1558 14.4982 
6.1203 30.1529 14.5003 
6.6272 29.9665 14.6547 
6.7193 29.9301 14.6811 
6.7435 29.9209 14.6882 
6.7776 29.9056 14.7012 
6.9212 29.8429 14.7567 
7.1678 29.7331 14.8507 
7.3152 29.6676 14.9069 
7.3288 29.6598 14.9144 
7.6073 29.5006 15.0682 
7.7206 29.4501 15.1385 
7.7545 29.4284 15.1716 
7.9934 29.2686 15.3823 
8.0902 29.2429 15.5063 
8.1158 29.2352 15.5450 
8.3421 29.1740 15.8584 
8.4306 29.2152 16.0063 
8.4554 29.2294 16.0394 
8.6246 29.3114 16.2326 
8.6798 29.3352 16.3338 
8.6955 29.3451 16.3525 
8.9211 29.4343 16.5544 
8.9544 29.4456 16.5818 
9.3526 29.5493 16.9499 
9.3718 29.5515 16.9712 
9.3801 29.5515 16.9791 
9.4896 29.5434 17.0953 
9.5592 29.5368 17.1657 
9.7018 29.5023 17.2705 
9.7896 29.4812 17.3350 
9.8064 29.4759 17.3449 
9.8133 29.4755 17.3576 
10.0421 29.3375 17.5233 
10.2003 29.2375 17.6080 
10.2953 29.1561 17.6654 
10.2971 29.1549 17.6664 
10.7609 28.8266 17.8801 
10.7745 28.8182 17.8862 
10.7944 28.8059 17.8945 
10.8691 28.7513 17.9287 
11.2304 28.4633 18.1010 
11.2436 28.4541 18.1068 
11.4226 28.3322 18.1918 
11.5820 28.2136 18.2710 
11.6055 28.1963 18.2846 
11.9007 27.9982 18.4483 
11.9668 27.9564 18.4841 
12.0265 27.9193 18.5217 
12.3839 27.7257 18.7347 
12.4404 27.6947 18.7685 
12.5388 27.6419 18.8354 
12.8682 27.5021 19.0453 
12.8887 27.4928 19.0586 
13.0870 27.4032 19.2030 
13.2940 27.3330 19.3457 
13.3108 27.3274 19.3582 
13.6901 27.1780 19.6420 
13.7301 27.1664 19.6710 
13.7424 27.1629 19.6798 
13.8429 27.1342 19.7527 
14.1683 26.9977 19.9899 
14.1853 26.9936 20.0023 
14.4275 26.9381 20.1628 
14.5130 26.9150 20.2191 
14.5348 26.9095 20.2315 
14.6867 26.8689 20.3183 
14.8049 26.8224 20.3813 
14.8508 26.7973 20.4037 
15.0403 26.7097 20.4732 
15.3794 26.5991 20.6238 
15.5168 26.5749 20.6963 
15.8291 26.5177 20.8655 
16.0036 26.4990 20.9669 
16.0709 26.4891 21.0128 
16.4035 26.4120 21.2294 
16.5435 26.4067 21.3310 
16.8044 26.3865 21.5717 
16.9927 26.3478 21.7409 
17.0128 26.3508 21.7603 
17.0653 26.3614 21.8763 
17.0919 26.3571 21.9319 
17.0765 26.3324 22.0887 
17.0684 26.3001 22.2005 
16.9568 26.1824 22.5203 
16.9154 26.1311 22.6414 
16.9056 26.1222 22.6604 
16.7937 25.9850 22.8846 
16.6733 25.8254 23.1285 
16.6620 25.8061 23.1524 
16.6060 25.7013 23.2866 
16.5060 25.5092 23.5283 
16.4741 25.4384 23.6220 
16.3999 25.2257 23.8286 
16.3612 25.0529 24.0164 
16.3555 24.9887 24.0574 
16.3640 24.8652 24.1501 
16.3755 24.6072 24.3626 
16.4036 24.4174 24.4605 
16.4153 24.3275 24.5065 
16.4617 23.9472 24.7202 
16.4653 23.9231 24.7295 
16.4746 23.8039 24.7742 
16.5023 23.4443 24.9122 
16.4987 23.3508 24.9462 
16.4915 23.1384 25.0160 
16.4881 23.0503 25.0490 
16.3693 22.4337 25.2681 
16.3620 22.3950 25.2806 
16.3576 22.3725 25.2889 
16.3527 22.3486 25.3009 
16.3510 22.3444 25.3029 
16.3212 22.2599 25.3351 
16.1685 21.8134 25.4882 
16.1592 21.7949 25.4938 
16.0037 21.4664 25.5706 
15.9284 21.3069 25.6079 
15.8888 21.2396 25.6214 
15.5442 20.6772 25.7661 
15.4955 20.5985 25.7874 
15.4908 20.5902 25.7888 
15.4498 20.5239 25.7984 
14.9917 19.8398 25.9695 
14.9685 19.8065 25.9795 
14.9487 19.7751 25.9838 
14.8391 19.6151 26.0345 
14.8252 19.6019 26.0371 
14.5101 19.1438 26.1540 
14.4896 19.1163 26.1644 
14.4257 19.0265 26.1990 
14.1420 18.6033 26.3244 
14.0589 18.4799 26.3617 
14.0047 18.3930 26.3890 
13.7438 18.0478 26.5801 
13.7068 17.9935 26.6030 
13.7049 17.9908 26.6041 
13.3872 17.5311 26.8049 
13.3864 17.5300 26.8053 
13.3727 17.5107 26.8139 
13.3526 17.4856 26.8289 
12.9859 16.9796 27.0650 
12.9800 16.9715 27.0687 
12.7673 16.7390 27.2674 
12.6500 16.6071 27.3729 
12.6474 16.6043 27.3751 
12.4596 16.3688 27.5139 
12.3550 16.2285 27.5802 
12.3252 16.1888 27.5990 
12.1090 15.9241 27.7596 
11.9956 15.7778 27.8358 
11.9943 15.7760 27.8368 
11.6123 15.2399 28.0755 
11.5640 15.1768 28.1101 
11.5433 15.1445 28.1200 
11.5319 15.1274 28.1252 
11.4800 15.0632 28.1736 
11.2809 14.8126 28.3379 
11.0876 14.5472 28.4850 
11.0806 14.5375 28.4903 
10.9190 14.3158 28.6113 
10.8168 14.1685 28.6749 
10.7391 14.0490 28.7397 
10.5634 13.7613 28.8533 
10.5559 13.7497 28.8595 
10.4829 13.6367 28.9199 
10.3155 13.3682 29.0163 
10.2283 13.2247 29.0487 
10.1941 13.1686 29.0613 
10.0304 12.9208 29.1799 
9.7697 12.5169 29.3410 
9.7412 12.4781 29.3563 
9.4692 12.1592 29.5960 
9.4111 12.0907 29.6462 
9.3064 11.9968 29.7160 
9.0799 11.7896 29.8605 
9.0218 11.7414 29.9058 
8.7389 11.5682 30.0808 
8.6536 11.5023 30.1192 
8.6399 11.4935 30.1273 
8.4987 11.4203 30.1876 
8.2374 11.2766 30.2928 
8.2190 11.2686 30.2982 
8.0628 11.2165 30.3438 
7.7075 11.0105 30.4306 
7.5820 10.9374 30.4573 
7.4952 10.8877 30.4738 
7.0403 10.7218 30.5746 
6.9297 10.6452 30.5938 
6.9179 10.6370 30.5960 
6.2428 10.3061 30.7163 
6.2271 10.2881 30.7047 
6.2038 10.2746 30.7080 
6.1158 10.2221 30.7208 
5.7085 9.9963 30.7743 
5.6657 9.9708 30.7761 
5.4775 9.8606 30.7835 
5.2749 9.7132 30.8049 
5.2326 9.6790 30.8111 
5.1256 9.5871 30.8206 
4.9486 9.4376 30.8348 
4.9276 9.4155 30.8390 
4.6499 9.1084 30.8835 
4.6197 9.0712 30.8898 
4.5901 9.0234 30.9180 
4.3810 8.6990 30.9887 
4.3568 8.6117 31.0130 
4.3159 8.4551 31.0357 
4.2579 8.3318 31.0533 
4.2450 8.3042 31.0545 
4.1337 7.8600 31.0645 
4.0869 7.7987 31.0694 
3.9858 7.6725 31.0629 
3.8672 7.4266 31.0273 
3.8224 7.3530 31.0021 
3.6810 7.1636 30.9488 
3.6298 7.1152 30.9419 
3.2834 6.8541 30.8384 
3.2457 6.8175 30.8189 
3.2317 6.8062 30.8141 
3.1929 6.7920 30.7932 
2.9574 6.6252 30.6465 
2.9025 6.6012 30.5993 
2.7984 6.5468 30.4964 
2.7929 6.5456 30.4898 
2.7215 6.5068 30.3355 
2.6104 6.4752 30.1812 
2.4969 6.4610 30.0161 
2.2746 6.4437 29.7424 
2.2609 6.4424 29.7247 
2.1766 6.4324 29.6173 
2.0877 6.4220 29.5042 
2.0304 6.4089 29.4346 
1.8752 6.3665 29.2203 
1.8578 6.3645 29.2063 
1.6904 6.3164 29.0798 
1.4397 6.2359 28.8694 
1.3141 6.2055 28.7890 
1.0927 6.1228 28.6620 
1.0817 6.1194 28.6570 
0.9209 6.0280 28.6001 
0.7642 5.9503 28.5635 
0.7438 5.9380 28.5597 
0.3152 5.6593 28.4498 
0.2946 5.6489 28.4495 
-0.0301 5.4635 28.4541 
-0.1350 5.3981 28.4433 
-0.1497 5.3882 28.4420 
-0.4063 5.2253 28.4493 
-0.4144 5.2201 28.4494 
-0.6519 5.0578 28.4528 
-0.7152 5.0147 28.4542 
-0.9060 4.8802 28.4593 
-1.1739 4.6913 28.4671 
-1.2280 4.6531 28.4686 
-1.5495 4.4366 28.5281 
-1.6681 4.3539 28.5368 
-1.6784 4.3466 28.5376 
-2.0427 4.0947 28.5647 
-2.0652 4.0791 28.5659 
-2.0818 4.0675 28.5666 
-2.1617 4.0116 28.5686 
-2.4796 3.7855 28.5604 
-2.4907 3.7789 28.5599 
-2.7598 3.6192 28.5919 
-2.9781 3.4959 28.5924 
-2.9959 3.4861 28.5976 
-3.2110 3.3459 28.6631 
-3.4017 3.2204 28.7084 
-3.4406 3.1990 28.7167 
-3.9304 2.9506 28.9592 
-3.9796 2.9269 28.9916 
-4.0240 2.8969 29.0244 
-4.3310 2.7770 29.2956 
-4.3638 2.7701 29.3204 
-4.3717 2.7684 29.3264 
-4.3857 2.7634 29.3427 
-4.7239 2.6261 29.7381 
-4.7356 2.6214 29.7534 
-4.7426 2.6185 29.7683 
-4.7442 2.6174 29.7720 
-4.8592 2.5659 29.9923 
-4.9649 2.4724 30.2224 
-4.9699 2.4683 30.2331 
-4.9971 2.4493 30.2704 
-5.1858 2.3237 30.4820 
-5.2394 2.1588 30.6156 
-5.2933 2.0801 30.6474 
-5.3526 1.9905 30.6817 
-5.4056 1.9195 30.7039 
-5.4253 1.8771 30.7077 
-5.5781 1.6816 30.6527 
-5.6422 1.5956 30.6322 
-5.6553 1.5766 30.6272 
-5.7006 1.5577 30.6369 
-5.8635 1.3103 30.4895 
-5.8666 1.3056 30.4866 
-5.9536 1.1740 30.3809 
-6.0377 1.0437 30.3050 
-6.1522 0.9134 30.2251 
-6.2892 0.7503 30.1524 
-6.3496 0.6725 30.1392 
-6.7232 0.2699 30.0750 
-6.7658 0.2250 30.0632 
-6.7857 0.2007 30.0722 
-6.8079 0.1729 30.0852 
-6.8103 0.1700 30.0861 
-7.2039 -0.1813 30.2076 
-7.2086 -0.1841 30.2086 
-7.2108 -0.1854 30.2095 
-7.5329 -0.3816 30.3008 
-7.5835 -0.4008 30.3133 
-7.8145 -0.4883 30.3779 
-7.9467 -0.5382 30.4177 
-8.0949 -0.5621 30.4567 
-8.4062 -0.6102 30.5547 
-8.4824 -0.6214 30.5821 
-8.8210 -0.5860 30.6841 
-8.8966 -0.5779 30.7075 
-8.9300 -0.5636 30.7154 
-9.0243 -0.5239 30.7364 
-9.3470 -0.4013 30.7766 
-9.4297 -0.3506 30.7788 
-9.7982 -0.1327 30.7750 
-9.9066 -0.0722 30.7680 
-9.9611 -0.0326 30.7599 
-10.3088 0.2186 30.6932 
-10.3534 0.2432 30.6850 
-10.3580 0.2476 30.6834 
-10.3994 0.2849 30.6665 
-10.7050 0.5500 30.5222 
-10.7491 0.5911 30.5065 
-10.8420 0.6912 30.4666 
-11.0904 0.9453 30.3393 
-11.1516 1.0031 30.3005 
-11.1910 1.0437 30.2734 
-11.4473 1.3190 30.1126 
-11.4548 1.3279 30.1073 
-11.4975 1.3784 30.0758 
-11.5882 1.4796 29.9998 
-11.7115 1.6356 29.8836 
-11.8456 1.8115 29.7687 
-11.8710 1.8510 29.7430 
-12.0060 2.0693 29.6213 
-12.0164 2.0868 29.6133 
-12.2010 2.4609 29.4405 
-12.2467 2.5505 29.3938 
-12.2492 2.5565 29.3906 
-12.2679 2.6070 29.3729 
-12.3072 2.7127 29.3348 
-12.4686 3.1359 29.1658 
-12.4729 3.1470 29.1615 
-12.5635 3.4305 29.0525 
-12.6296 3.6385 28.9758 
-12.6354 3.6645 28.9662 
-12.7112 4.0049 28.8420 
-12.7187 4.0400 28.8313 
-12.7780 4.5231 28.6804 
-12.7978 4.6873 28.6371 
-12.7981 4.6971 28.6346 
-12.8067 4.9111 28.5955 
-12.8295 5.5129 28.4474 
-12.8272 5.5643 28.4353 
-12.8137 5.9350 28.3794 
-12.8109 6.0207 28.3692 
-12.7613 6.3924 28.3288 
-12.7402 6.5437 28.3067 
-12.7379 6.5610 28.3048 
-12.7296 6.6105 28.2998 
-12.6921 6.8417 28.2829 
-12.6929 6.8517 28.2817 
-12.6268 7.2324 28.2414 
-12.6242 7.2482 28.2401 
-12.5942 7.4195 28.2264 
-12.5322 7.7702 28.1917 
-12.5225 7.8326 28.1854 
-12.4173 8.5293 28.1542 
-12.4074 8.5932 28.1483 
-12.4033 8.6205 28.1466 
-12.3607 8.9154 28.1249 
-12.2798 9.4755 28.0823 
-12.2722 9.5241 28.0731 
-12.2707 9.5345 28.0724 
-12.2638 9.5872 28.0687 
-12.2186 9.9362 28.0536 
-12.1784 10.2423 28.0316 
-12.1774 10.2503 28.0309 
-12.1147 10.7948 27.9726 
-12.0981 10.9385 27.9613 
-12.0919 11.0101 27.9556 
-12.0574 11.4087 27.9413 
-12.0265 11.7664 27.9252 
-12.0261 11.7929 27.9240 
-12.0078 12.2601 27.9467 
-12.0117 12.2759 27.9474 
-12.0114 12.2989 27.9462 
-12.0239 12.5698 27.9381 
-12.0251 12.7111 27.9498 
-12.0266 12.7653 27.9545 
-12.0491 13.4028 27.9953 
-12.0491 13.4203 27.9962 
-12.0299 13.7009 28.0806 
-12.0193 13.8514 28.1267 
-11.9607 14.1330 28.2008 
-11.9407 14.2592 28.2205 
-11.9328 14.2867 28.2226 
-11.8343 14.5953 28.2607 
-11.8293 14.6167 28.2608 
-11.8079 14.7102 28.2622 
-11.7430 14.9588 28.2316 
-11.6848 15.0666 28.2168 
-11.5253 15.4829 28.1307 
-11.4707 15.6076 28.1124 
-11.3737 15.8048 28.0773 
-11.2479 16.0590 28.0332 
-11.1940 16.1615 28.0210 
-11.1443 16.2607 28.0103 
-11.0355 16.4451 27.9020 
-10.9968 16.5153 27.8427 
-10.9793 16.5547 27.8174 
-10.9708 16.5754 27.8050 
-10.7824 17.0709 27.4616 
-10.7919 17.0763 27.4665 
-10.7911 17.0789 27.4645 
-10.7879 17.0864 27.4581 
-10.7729 17.1181 27.4355 
-10.6347 17.4166 27.2142 
-10.5586 17.5903 27.0886 
-10.4970 17.7230 27.0004 
-10.4812 17.7584 26.9773 
-10.2554 18.1962 26.7943 
-10.1598 18.4291 26.6537 
-10.1337 18.4836 26.6272 
-10.1052 18.5365 26.6010 
-9.9573 18.9097 26.3977 
-9.9463 18.9909 26.3592 
-9.9536 19.0018 26.3498 
-9.9270 19.0816 26.2889 
-9.8236 19.3932 26.0527 
-9.8201 19.4262 26.0267 
-9.8176 19.4522 26.0084 
-9.8075 19.5069 25.9398 
-9.7869 19.6272 25.7993 
-9.8159 19.6877 25.7178 
-9.8689 19.7221 25.6616 
-10.0137 19.7468 25.4388 
-10.0569 19.7483 25.3909 
-10.2397 19.7215 25.2225 
-10.2722 19.7171 25.2241 
-10.3470 19.6963 25.1948 
-10.3755 19.6989 25.1745 
-10.4650 19.7083 25.1183 
-10.9105 19.7213 24.8775 
-10.9993 19.7237 24.8455 
-11.5284 19.9559 24.6375 
-11.6002 19.9817 24.6194 
-11.6256 19.9967 24.6097 
-12.0542 20.2044 24.4398 
-12.0939 20.2234 24.4259 
-12.3859 20.3659 24.3234 
-12.4093 20.3788 24.3152 
-12.5590 20.4615 24.2617 
-12.8309 20.5608 24.1589 
-12.8555 20.5700 24.1493 
-13.1614 20.7217 24.0382 
-13.1860 20.7331 24.0290 
-13.3513 20.8092 23.9682 
-13.5607 20.8966 23.8890 
-13.5815 20.9053 23.8810 
-13.9355 21.0616 23.7464 
-14.0744 21.1294 23.6951 
-14.1337 21.1593 23.6711 
-14.4318 21.3477 23.5672 
-14.5743 21.4308 23.5078 
-14.5912 21.4406 23.5009 
-15.0255 21.7699 23.3583 
-15.0803 21.8141 23.3412 
-15.1522 21.8740 23.3160 
-15.4916 22.2245 23.2271 
-15.4969 22.2299 23.2257 
-15.5226 22.2595 23.2200 
-15.7591 22.5029 23.1558 
-15.7670 22.5114 23.1533 
-16.0378 22.7884 23.0610 
-16.1292 22.8831 23.0302 
-16.1582 22.9133 23.0199 
-16.3152 23.0842 22.9671 
-16.6073 23.3707 22.8565 
-16.6213 23.3844 22.8513 
-16.9347 23.7432 22.7616 
-16.9469 23.7572 22.7581 
-17.2895 24.1402 22.6618 
-17.3203 24.1733 22.6523 
-17.3501 24.2052 22.6433 
-17.5293 24.4262 22.5960 
-17.5490 24.4435 22.5958 
-17.7284 24.6519 22.5498 
-17.7578 24.6862 22.5424 
-17.7870 24.7215 22.5339 
-18.1757 25.2010 22.4249 
-18.2616 25.3300 22.4118 
-18.3827 25.5142 22.3918 
-18.6302 25.8877 22.3493 
-18.6329 25.8924 22.3491 
-18.7428 26.0753 22.3455 
-18.8566 26.2311 22.3190 
-18.9092 26.2901 22.3133 
-18.9300 26.3140 22.3118 
-19.0627 26.4386 22.3145 
-19.1666 26.5189 22.2975 
-19.1797 26.5281 22.2959 
-19.4682 26.7494 22.2863 
-19.6256 26.8631 22.2726 
-19.6438 26.8758 22.2713 
-20.0076 27.1112 22.2178 
-20.0092 27.1122 22.2174 
-20.1279 27.1829 22.1963 
-20.4899 27.3878 22.1187 
-20.5567 27.4255 22.1044 
-20.7361 27.5235 22.0688 
-20.8746 27.5919 22.0329 
-20.9123 27.6129 22.0258 
-20.9579 27.6348 22.0195 
-20.9886 27.6514 22.0174 
-21.0612 27.6896 22.0130 
-21.1606 27.7521 22.0177 
-21.1695 27.7577 22.0181 
-21.4555 27.9283 22.0131 
-21.5346 27.9764 22.0129 
-21.8241 28.1715 22.0012 
-21.8603 28.1965 22.0005 
-21.8795 28.2112 22.0017 
-22.1356 28.4261 22.0085 
-22.2986 28.5630 22.0130 
-22.3149 28.5773 22.0140 
-22.3185 28.5806 22.0141 
-22.5306 28.7808 22.0279 
-22.7980 29.0337 22.0456 
-22.8059 29.0413 22.0464 
-22.8236 29.0596 22.0475 
-23.0670 29.3125 22.0655 
-23.0718 29.3181 22.0657 
-23.2808 29.5676 22.0776 
-23.2925 29.5833 22.0776 
-23.3465 29.6549 22.0767 
-23.6630 30.0748 22.0717 
-23.6873 30.1117 22.0693 
-23.8930 30.4238 22.0492 
-24.0432 30.6482 22.0317 
-24.0997 30.7478 22.0186 
-24.3179 31.1246 21.9629 
-24.3302 31.1461 21.9599 
-24.4330 31.3716 21.9145 
-24.4904 31.4860 21.8826 
-24.4916 31.4897 21.8813 
-24.5900 31.7918 21.7802 
-24.5932 31.8147 21.7710 
-24.5950 31.8253 21.7659 
-24.6510 32.1320 21.6053 
-24.6507 32.1353 21.6033 
-24.6323 32.3385 21.4856 
-24.6227 32.4381 21.4307 
-24.5189 32.6132 21.3061 
-24.5056 32.6208 21.2979 
-24.4705 32.6405 21.2754 
-24.2983 32.7367 21.1629 
-24.1389 32.7568 21.0963 
-23.9546 32.7897 21.0444 
-23.8685 32.7875 21.0270 
-23.1484 32.7668 20.8759 
-23.1334 32.7661 20.8720 
-23.1297 32.7660 20.8712 
-23.1229 32.7655 20.8698 
-22.3954 32.7195 20.7389 
-22.2345 32.7100 20.7130 
-21.9777 32.7087 20.6686 
-21.6594 32.7079 20.6175 
-21.6260 32.7078 20.6124 
-21.0799 32.7724 20.5176 
-20.9392 32.7892 20.4944 
-20.9330 32.7899 20.4933 
-20.3652 32.9365 20.3869 
-20.2553 32.9650 20.3672 
-20.2423 32.9704 20.3646 
-19.7676 33.1685 20.2663 
-19.6220 33.2293 20.2376 
-19.5712 33.2598 20.2262 
-19.2539 33.4505 20.1533 
-19.2055 33.4797 20.1429 
-18.9360 33.6978 20.0767 
-18.8280 33.7853 20.0492 
-18.8268 33.7863 20.0489 
-18.6448 33.9576 20.0032 
-18.4462 34.1442 19.9470 
-18.4292 34.1602 19.9425 
-18.3262 34.2621 19.9146 
-18.0947 34.4907 19.8497 
-18.0768 34.5080 19.8448 
-17.7168 34.8558 19.7529 
-17.7051 34.8670 19.7497 
-17.7018 34.8702 19.7489 
-17.6761 34.8941 19.7427 
-17.3202 35.2250 19.6369 
-17.2885 35.2545 19.6283 
-17.0723 35.4478 19.5716 
-16.9433 35.5628 19.5364 
-16.9196 35.5831 19.5301 
-16.6344 35.8270 19.4632 
-16.4868 35.9504 19.4159 
-16.4714 35.9634 19.4116 
-16.3760 36.0400 19.3868 
-16.0596 36.2925 19.3005 
-16.0058 36.3326 19.2867 
-15.7093 36.5692 19.2574 
-15.6114 36.6430 19.2357 
-15.5978 36.6532 19.2323 
-15.3026 36.8599 19.1634 
-15.2449 36.9005 19.1506 
-15.0732 37.0122 19.1159 
-14.9008 37.1220 19.0750 
-14.8347 37.1607 19.0607 
-14.4397 37.3940 18.9788 
-14.3966 37.4189 18.9687 
-14.3507 37.4443 18.9584 
-14.1051 37.5808 18.9052 
-13.8758 37.6971 18.8363 
-13.8496 37.7103 18.8284 
-13.7670 37.7419 18.8120 
-13.5489 37.8206 18.7635 
-13.3207 37.8808 18.7304 
-13.1495 37.9223 18.7014 
-13.0783 37.9383 18.6880 
-12.7119 38.0001 18.6373 
-12.6241 38.0108 18.6208 
-12.6178 38.0105 18.6208 
-12.5369 37.9967 18.6266 
-12.2245 37.9582 18.5693 
-12.1730 37.9514 18.5601 
-11.8544 37.8786 18.4478 
-11.7102 37.8460 18.3978 
-11.6460 37.8273 18.3782 
-11.0638 37.6697 18.2204 
-11.0369 37.6613 18.2113 
-11.0284 37.6586 18.2085 
-10.9255 37.6282 18.1807 
-10.5158 37.5023 18.0611 
-10.5141 37.5018 18.0606 
-10.2278 37.4092 17.9784 
-9.9441 37.3089 17.8799 
-9.8952 37.2913 17.8623 
-9.8353 37.2700 17.8408 
-9.5452 37.1785 17.7659 
-9.2834 37.0931 17.6916 
-8.8461 36.9658 17.5702 
-8.6856 36.9181 17.5228 
-8.6739 36.9147 17.5195 
-8.6483 36.9078 17.5122 
-8.5601 36.8857 17.4920 
-8.5511 36.8808 17.4904 
-7.8731 36.7079 17.3155 
-7.7873 36.6874 17.2989 
-7.2841 36.5979 17.1925 
-7.1571 36.5746 17.1631 
-7.1299 36.5714 17.1563 
-7.0269 36.5602 17.1341 
-6.4101 36.4866 16.9794 
-6.2846 36.4719 16.9491 
-5.9953 36.4650 16.8709 
-5.7508 36.4535 16.7886 
-5.7261 36.4518 16.7788 
-5.2276 36.4583 16.5616 
-5.1781 36.4579 16.5381 
-5.1477 36.4535 16.5153 
-5.1215 36.4476 16.4914 
-5.0811 36.4340 16.4589 
-4.9112 36.3762 16.3212 
-4.8282 36.3591 16.2432 
-4.7503 36.2856 16.0962 
-4.7315 36.2663 16.0780 
-4.5534 36.0335 15.8776 
-4.4991 35.9621 15.8163 
-4.4704 35.9245 15.7903 
-4.1913 35.5000 15.5107 
-4.1345 35.3798 15.4388 
-4.1220 35.3534 15.4247 
-4.0177 35.1913 15.3338 
-3.7413 34.8176 15.1188 
-3.6549 34.6397 15.0231 
-3.6056 34.5362 14.9729 
-3.2636 34.0674 14.7711 
-3.2438 34.0536 14.7567 
-3.2386 34.0483 14.7545 
-3.2011 34.0089 14.7395 
-3.1869 33.9983 14.7297 
-2.8737 33.5508 14.6149 
-2.8623 33.5361 14.6110 
-2.5904 33.1264 14.5457 
-2.5298 33.0636 14.5353 
-2.5237 33.0550 14.5350 
-2.4279 32.9349 14.5322 
-2.1404 32.5305 14.5190 
-2.1076 32.4871 14.5190 
-1.9610 32.3045 14.5148 
-1.7832 32.1059 14.5385 
-1.6796 32.0066 14.5465 
-1.4585 31.7939 14.5614 
-1.4210 31.7681 14.5604 
-1.2070 31.6263 14.5639 
-1.1726 31.6048 14.5672 
-0.9633 31.5348 14.5628 
-0.8933 31.5140 14.5680 
-0.5686 31.4779 14.5725 
-0.4697 31.4628 14.5640 
-0.4436 31.4613 14.5606 
-0.1401 31.4574 14.5448 
0.0335 31.4552 14.5358 
0.0429 31.4554 14.5351 
0.4658 31.4550 14.4932 
0.5214 31.4562 14.4896 
0.6198 31.4567 14.4843 
1.2855 31.4329 14.4058 
1.2922 31.4325 14.4052 
1.3085 31.4314 14.4035 
1.3222 31.4338 14.3996 
1.8800 31.3709 14.3217 
1.8931 31.3687 14.3206 
2.2820 31.3014 14.2860 
2.3169 31.2939 14.2815 
2.3312 31.2908 14.2797 
2.8845 31.1448 14.2336 
2.8924 31.1426 14.2328 
2.8963 31.1413 14.2322 
2.9010 31.1396 14.2318 
3.4753 30.9735 14.2073 
3.4763 30.9733 14.2073 
3.6697 30.9215 14.2084 
3.8962 30.8535 14.2048 
3.9057 30.8504 14.2051 
4.3052 30.7161 14.2131 
4.4336 30.6759 14.2176 
4.5065 30.6513 14.2226 
4.9393 30.5213 14.2625 
4.9700 30.5135 14.2662 
5.2738 30.4248 14.3204 
5.4510 30.3698 14.3501 
% end
