% Curve 1: 567345, Curve; 
% Length=76.6364; NumberOfSegments=233; FullyAttached=Yes; Closed=Yes; 
% Units: mm
% begin
-8.1794 35.2103 27.6128 
-8.1648 35.2618 27.5048 
-8.0508 35.6774 26.5464 
-7.9685 35.7545 26.3202 
-7.7687 35.9403 25.7679 
-7.7324 35.9798 25.6810 
-7.2623 36.1620 25.1112 
-7.1860 36.1931 25.0206 
-6.8566 36.2510 24.7563 
-6.0997 36.3722 24.1386 
-5.8740 36.4034 23.9503 
-5.7298 36.4254 23.8317 
-5.7043 36.4276 23.8138 
-4.9282 36.4972 23.2752 
-4.9118 36.4976 23.2659 
-4.7996 36.4964 23.1992 
-4.4071 36.4413 22.9240 
-4.3071 36.4266 22.8551 
-3.7114 36.3479 22.4527 
-3.6313 36.3316 22.3931 
-3.5074 36.3088 22.2976 
-3.3058 36.2816 22.1526 
-2.8593 36.2044 21.8139 
-2.7950 36.1905 21.7622 
-2.5735 36.1609 21.5523 
-2.4830 36.1318 21.4496 
-2.4582 36.1256 21.4159 
-2.2228 36.0287 21.0547 
-2.2079 36.0304 21.0407 
-1.9567 36.0910 20.7594 
-1.9460 36.0946 20.7459 
-1.7688 36.1147 20.4629 
-1.6080 36.1223 20.1901 
-1.5338 36.1316 20.0727 
-1.4406 36.1457 19.9194 
-1.2586 36.1259 19.5574 
-1.2255 36.1238 19.4939 
-0.9322 36.0887 19.0040 
-0.8774 36.0726 18.9028 
-0.8216 36.0446 18.7883 
-0.6244 35.9429 18.4268 
-0.5976 35.9280 18.3950 
-0.5123 35.8708 18.3210 
-0.3710 35.6379 17.9842 
-0.3664 35.6310 17.9750 
-0.2314 35.4326 17.6651 
-0.1604 35.3307 17.5050 
-0.1464 35.3099 17.4766 
-0.0814 35.1623 17.3017 
-0.0331 34.8870 16.9595 
-0.0215 34.8702 16.9366 
0.0918 34.6854 16.7476 
0.1284 34.6042 16.6670 
0.1741 34.4966 16.5901 
0.2640 34.2752 16.4325 
0.2989 34.1901 16.3676 
0.4997 33.9384 16.2389 
0.6423 33.8040 16.1834 
0.9260 33.5246 16.0960 
1.2089 33.3175 16.0465 
1.3090 33.2506 16.0450 
1.9625 32.7989 16.0620 
2.1222 32.6987 16.0704 
2.1487 32.6835 16.0724 
2.5321 32.4534 16.1171 
3.0040 32.1177 16.1676 
3.0112 32.1123 16.1687 
3.5908 31.7189 16.2851 
3.6076 31.7074 16.2878 
3.6159 31.7012 16.2888 
4.0654 31.3349 16.3219 
4.0843 31.3199 16.3230 
4.7986 30.8717 16.4576 
4.8119 30.8648 16.4592 
5.3630 30.5324 16.5527 
5.3756 30.5256 16.5555 
5.6345 30.3851 16.6126 
5.7296 30.3152 16.6469 
5.7766 30.2807 16.6639 
5.8465 30.2363 16.6812 
5.8666 30.2239 16.6858 
5.9069 30.2028 16.6903 
6.4129 29.8655 16.7797 
6.6714 29.7056 16.8481 
6.7864 29.6386 16.8742 
7.6298 29.2471 17.1609 
7.7085 29.2145 17.1792 
7.7305 29.2016 17.1878 
7.8758 29.1276 17.2717 
8.4550 28.8484 17.5233 
8.5310 28.8129 17.5547 
8.9663 28.6762 17.7809 
9.3132 28.5446 17.9454 
9.3724 28.5299 17.9788 
9.8855 28.3744 18.3094 
9.9299 28.3542 18.3451 
9.9434 28.3495 18.3532 
9.9911 28.3426 18.3739 
10.5617 28.1369 18.7060 
10.7101 28.1008 18.8242 
11.3222 27.9713 19.2786 
11.3582 27.9705 19.2908 
11.3769 27.9646 19.3030 
11.4169 27.9554 19.3328 
12.0552 27.7958 19.7938 
12.2293 27.7502 19.9220 
12.8655 27.7012 20.4278 
12.8765 27.7006 20.4371 
12.8840 27.7006 20.4426 
13.6077 27.6668 20.9471 
13.6334 27.6680 20.9672 
13.8797 27.6811 21.1583 
14.5725 27.7661 21.7381 
14.6367 27.7736 21.7915 
14.6571 27.7793 21.8113 
14.6756 27.7850 21.8298 
14.7569 27.8066 21.9217 
15.3192 27.9625 22.4591 
15.3639 27.9733 22.5077 
15.6450 28.0967 22.8505 
15.8751 28.2148 23.1425 
15.8929 28.2236 23.1705 
16.1110 28.3662 23.5362 
16.3579 28.5019 23.9327 
16.3956 28.5247 24.0849 
16.4247 28.5387 24.1970 
16.4061 28.5296 24.3341 
16.3707 28.5337 24.5314 
16.3473 28.5336 24.6696 
16.2224 28.4945 24.9562 
16.1045 28.4517 25.2333 
15.9619 28.3887 25.4345 
15.8841 28.3434 25.5514 
15.7054 28.2412 25.7305 
15.4536 28.1249 25.9722 
15.2846 28.0466 26.1072 
15.0678 27.9259 26.2858 
14.7600 27.7701 26.5353 
14.6852 27.7326 26.5931 
14.2021 27.5379 26.9510 
14.0051 27.4109 27.1170 
13.9982 27.4066 27.1224 
13.3975 27.0652 27.5844 
13.3460 27.0174 27.6358 
13.3192 26.9966 27.6549 
12.6150 26.4101 28.1491 
12.5232 26.3363 28.2140 
12.5066 26.3225 28.2265 
12.4048 26.2562 28.2876 
11.7809 25.7281 28.7534 
11.7157 25.6541 28.8164 
11.7107 25.6491 28.8203 
11.6026 25.5441 28.9039 
11.1520 25.1283 29.2414 
11.0723 25.0213 29.3127 
10.8428 24.7613 29.4640 
10.5752 24.4949 29.6536 
10.4325 24.3625 29.7429 
9.7978 23.7094 30.1103 
9.5244 23.4343 30.2713 
9.4477 23.3668 30.3067 
8.8895 22.8842 30.5698 
8.4829 22.5149 30.7498 
8.2655 22.3593 30.8099 
7.9307 22.1347 30.9149 
7.5371 21.8787 31.0449 
6.6959 21.4982 31.1655 
6.6275 21.4681 31.1761 
6.6227 21.4660 31.1769 
6.5518 21.4467 31.1760 
5.5095 21.1458 31.1459 
5.2165 21.0945 31.1022 
4.7033 21.0181 31.0376 
3.9832 20.8976 30.9348 
3.5951 20.8644 30.8427 
2.8866 20.8382 30.7058 
2.6458 20.8364 30.6657 
2.0071 20.8773 30.5076 
1.7080 20.9061 30.4423 
1.6569 20.9151 30.4262 
0.3848 21.2298 30.1124 
0.2438 21.2637 30.0767 
0.2359 21.2658 30.0745 
0.1247 21.2989 30.0464 
-0.1869 21.4152 29.9912 
-1.4084 21.8517 29.7556 
-1.4659 21.8758 29.7412 
-2.3119 22.2976 29.6155 
-2.5003 22.4125 29.5870 
-2.7250 22.5481 29.5542 
-3.5001 23.0363 29.4085 
-3.9914 23.4213 29.4168 
-4.2003 23.5833 29.4210 
-4.8072 24.0883 29.4845 
-4.9472 24.2065 29.5018 
-4.9599 24.2175 29.5037 
-5.1031 24.3747 29.5144 
-5.5537 24.7764 29.5069 
-5.5954 24.8167 29.5056 
-6.1987 25.4427 29.6084 
-6.2070 25.4523 29.6098 
-6.3835 25.6525 29.6188 
-6.9757 26.3427 29.7259 
-7.1178 26.5067 29.7452 
-7.3046 26.7770 29.7710 
-7.5426 27.1215 29.8067 
-7.5855 27.1830 29.8087 
-7.9741 27.9718 29.8183 
-8.0913 28.2084 29.8140 
-8.0997 28.2254 29.8155 
-8.2112 28.5645 29.8368 
-8.4760 29.3559 29.8348 
-8.5480 29.5699 29.8299 
-8.6062 29.9232 29.8195 
-8.7181 30.5969 29.7876 
-8.7347 30.6962 29.7793 
-8.7394 31.2735 29.7261 
-8.7420 31.7363 29.6993 
-8.7397 31.7520 29.6982 
-8.6456 32.4440 29.5677 
-8.6239 32.6097 29.5291 
-8.6195 32.6377 29.5224 
-8.5837 32.8772 29.4567 
-8.5326 33.2282 29.3483 
-8.5224 33.2745 29.3336 
-8.4087 33.8357 29.0259 
-8.4063 33.8474 29.0196 
-8.3924 33.9292 28.9762 
-8.3797 34.0185 28.9035 
-8.3116 34.4893 28.5383 
-8.2805 34.6410 28.4180 
-8.2146 35.0943 27.7901 
-8.2046 35.1270 27.7420 
-8.1794 35.2103 27.6128 
% end
