% Curve 1: 570468, Curve; 
% Length=86.9059; NumberOfSegments=255; FullyAttached=Yes; Closed=Yes; 
% Units: mm
% begin
-4.1082 33.7528 13.6694 
-4.1248 33.7651 13.7037 
-4.3506 33.9355 14.1817 
-4.3607 33.9435 14.2057 
-4.5467 33.9723 14.5520 
-4.6559 34.0606 14.8123 
-4.6994 34.0968 14.9285 
-4.7780 34.1219 15.0929 
-4.7961 34.1269 15.1348 
-4.9760 34.2048 15.5889 
-5.1477 34.2469 15.9806 
-5.1641 34.2524 16.0201 
-5.2127 34.2643 16.1875 
-5.2889 34.2973 16.4744 
-5.3112 34.3025 16.6913 
-5.3762 34.3015 17.2463 
-5.3774 34.2979 17.3158 
-5.3087 34.4060 18.0897 
-5.2959 34.4254 18.2776 
-5.2693 34.4303 18.4212 
-5.1865 34.4676 18.7779 
-5.0343 34.4922 19.2629 
-4.9078 34.4723 19.7751 
-4.8578 34.4694 20.0129 
-4.8236 34.4671 20.1764 
-4.8192 34.4605 20.2188 
-4.8185 34.4517 20.3204 
-4.7586 34.4145 20.8072 
-4.7487 34.4020 20.8493 
-4.7475 34.4012 20.8585 
-4.7487 34.4029 20.8907 
-4.7508 34.4021 20.9129 
-4.7716 34.3876 21.0545 
-4.8539 34.3250 21.5623 
-4.8649 34.3193 21.6178 
-5.0073 34.1732 22.1200 
-5.0585 34.1333 22.2295 
-5.1228 34.0696 22.3904 
-5.3272 33.8429 22.8060 
-5.4157 33.7457 22.9904 
-5.4447 33.7104 23.0365 
-5.4716 33.6859 23.0716 
-5.5805 33.6123 23.2082 
-5.6918 33.5325 23.3121 
-5.9229 33.2658 23.6488 
-6.0596 33.1123 23.8436 
-6.2289 32.9038 24.0491 
-6.2654 32.8562 24.0956 
-6.5208 32.6172 24.3953 
-6.6303 32.5370 24.4728 
-6.6716 32.4794 24.5270 
-6.9699 31.9516 24.7375 
-6.9760 31.9398 24.7422 
-7.0477 31.7695 24.8170 
-7.1144 31.6096 24.8635 
-7.4259 30.9994 24.9601 
-7.6307 30.6419 24.9626 
-7.7678 30.3530 24.9629 
-7.8513 30.1833 24.9441 
-7.9449 29.9916 24.9274 
-7.9783 29.9254 24.9154 
-8.0935 29.6620 24.8653 
-8.4561 28.9388 24.8026 
-8.4625 28.9249 24.8025 
-8.5957 28.6679 24.8038 
-8.7801 28.2766 24.8434 
-8.7984 28.2394 24.8476 
-8.8567 28.0794 24.8922 
-9.0300 27.6803 24.9676 
-9.0966 27.5202 24.9955 
-9.1960 27.1375 25.1391 
-9.2085 27.0929 25.1567 
-9.2871 26.7846 25.2902 
-9.3152 26.5252 25.4624 
-9.3155 26.5183 25.4667 
-9.3379 26.0644 25.7587 
-9.3348 25.9145 25.8722 
-9.2977 25.8088 25.9193 
-9.1723 25.5420 26.1432 
-9.0725 25.4263 26.2070 
-8.9565 25.2993 26.2835 
-8.8221 25.1942 26.3214 
-8.4621 25.0008 26.4592 
-8.3934 24.9700 26.4881 
-8.1830 24.9189 26.5940 
-8.0994 24.9055 26.6178 
-7.8424 24.8366 26.6827 
-6.9370 24.7468 26.9566 
-6.8646 24.7344 26.9769 
-5.2458 24.5022 27.2676 
-5.1552 24.4952 27.2709 
-5.0660 24.5007 27.2832 
-4.4270 24.4164 27.3731 
-3.0204 24.2166 27.5638 
-2.6436 24.1589 27.6128 
-2.5111 24.1395 27.6285 
-1.0613 24.0966 27.8793 
-0.7263 24.1002 27.9622 
0.3437 24.1414 28.1695 
1.0723 24.1620 28.3066 
1.1131 24.1635 28.3136 
1.2536 24.1577 28.3311 
2.1426 24.0881 28.4249 
2.2982 24.0751 28.4426 
4.2989 23.7858 28.4366 
4.5011 23.7828 28.3931 
4.5902 23.7571 28.3655 
5.5892 23.4134 28.1866 
5.6436 23.3989 28.1672 
5.9825 23.2807 28.0315 
6.0799 23.2553 27.9733 
6.9320 22.9065 27.3685 
7.2512 22.7564 27.1274 
7.4616 22.6718 26.9403 
7.8580 22.5308 26.6065 
8.0798 22.4659 26.4340 
8.5477 22.3709 26.0097 
8.7366 22.3675 25.8581 
8.9944 22.3606 25.6531 
9.2184 22.3457 25.4592 
9.3149 22.3465 25.3884 
9.4071 22.3505 25.3177 
9.6789 22.3879 25.1555 
10.0476 22.4663 24.9842 
10.1947 22.5093 24.9367 
10.3681 22.5756 24.8705 
10.4936 22.5863 24.8469 
10.6930 22.6869 24.8524 
11.1017 23.0206 24.8453 
11.2176 23.1133 24.8718 
11.4885 23.4270 24.8843 
11.5240 23.4777 24.8810 
11.7756 23.8457 24.8646 
12.2466 24.6677 24.9153 
12.2538 24.6817 24.9170 
12.3734 24.9563 24.9314 
13.2535 26.6579 24.9718 
13.2784 26.7075 24.9725 
13.4466 27.0046 24.9576 
13.7976 27.5876 24.8611 
13.9413 27.8517 24.8128 
13.9878 27.9434 24.8026 
14.2065 28.3266 24.7120 
14.2620 28.4278 24.6874 
14.6256 29.1888 24.6045 
14.7201 29.3740 24.5729 
14.7703 29.4842 24.5655 
15.0407 30.0853 24.5240 
15.6955 31.5464 24.4280 
15.6972 31.5503 24.4275 
15.8901 31.9483 24.3896 
16.1062 32.3657 24.3191 
16.1205 32.3901 24.3112 
16.2719 32.7296 24.1914 
16.4490 33.0499 24.0027 
16.4538 33.0572 23.9986 
16.7569 33.5987 23.7609 
16.8768 33.7484 23.6772 
16.9128 33.8014 23.6456 
16.9403 33.9190 23.5708 
17.1609 34.2813 23.1469 
17.1786 34.3242 23.0938 
17.2501 34.6139 22.8416 
17.3494 34.7840 22.5647 
17.3623 34.8204 22.4949 
17.4065 35.0351 22.1616 
17.4251 35.0719 22.0772 
17.4412 35.2173 21.6302 
17.4392 35.3012 21.4311 
17.3796 35.4369 21.0418 
17.3250 35.5216 20.5074 
17.3033 35.5657 20.3412 
17.2818 35.6156 20.2045 
17.2374 35.6635 20.0724 
17.1477 35.7489 19.8042 
16.9758 35.8356 19.2802 
16.8788 35.8700 19.0905 
16.3986 36.0522 18.1525 
16.3579 36.0610 18.1182 
15.8879 36.1279 17.2088 
15.7710 36.1380 16.9918 
15.5224 36.1453 16.6827 
15.4562 36.1429 16.6473 
15.1106 36.0415 16.3775 
14.7801 35.9726 16.1121 
14.7372 35.9578 16.0778 
14.1221 35.7443 15.6149 
14.0365 35.7232 15.5545 
13.9615 35.7136 15.5055 
13.9053 35.7058 15.4706 
13.4381 35.6203 15.1664 
13.1388 35.5557 14.9648 
13.1272 35.5534 14.9567 
13.0256 35.5325 14.8867 
12.7007 35.5001 14.6967 
12.4005 35.4719 14.5194 
12.1529 35.4264 14.3447 
12.1346 35.4234 14.3314 
11.9234 35.3958 14.1863 
11.2557 35.2412 13.6467 
11.2429 35.2354 13.6401 
10.9303 35.1676 13.4040 
10.8584 35.1433 13.3187 
10.8112 35.1219 13.2680 
10.6933 35.0621 13.1563 
10.3866 34.9499 12.9027 
10.3617 34.9397 12.8850 
9.9908 34.7725 12.6115 
9.9346 34.7446 12.5773 
9.5648 34.6627 12.4091 
9.2872 34.6037 12.2842 
9.2106 34.5825 12.2622 
8.7114 34.5912 12.1122 
8.4136 34.5774 12.0045 
8.3213 34.5747 11.9684 
7.8799 34.5938 11.8919 
7.4880 34.5905 11.8117 
7.4801 34.5906 11.8101 
7.3174 34.5898 11.7818 
6.7229 34.6237 11.6938 
5.7096 34.6700 11.5735 
4.6761 34.6861 11.4398 
4.6136 34.6689 11.4251 
4.0261 34.4954 11.3266 
3.8751 34.4383 11.2968 
3.3957 34.2643 11.1838 
3.1118 34.1291 11.1110 
3.1098 34.1285 11.1105 
3.0089 34.1024 11.0936 
1.7883 33.8212 10.8955 
1.6061 33.7226 10.8614 
1.3358 33.5798 10.8194 
1.2319 33.5402 10.7985 
0.9071 33.4197 10.7396 
0.6163 33.3212 10.6832 
0.5749 33.3020 10.6642 
-0.1260 32.8948 10.6198 
-0.7018 32.6539 10.5388 
-0.8849 32.5806 10.5165 
-1.4789 32.3418 10.4444 
-1.7189 32.4521 10.6391 
-2.0712 32.5850 10.9668 
-2.0722 32.5854 10.9678 
-2.9570 33.0034 11.8734 
-2.9956 33.0327 11.9264 
-3.0182 33.0371 11.9588 
-3.0426 33.0502 11.9823 
-3.0716 33.0642 12.0126 
-3.5790 33.3870 12.6548 
-3.5948 33.3837 12.7368 
-3.5981 33.3828 12.7438 
-3.6744 33.4477 12.8596 
-3.8706 33.5347 13.2023 
-3.9066 33.5803 13.2487 
-3.9912 33.7580 13.4374 
-4.1082 33.7528 13.6694 
% end
