% Curve 1: 571980, Curve; 
% Length=97.5347; NumberOfSegments=393; FullyAttached=Yes; Closed=Yes; 
% Units: mm
% begin
-12.9164 24.0786 23.9561 
-12.9597 24.1193 23.9702 
-13.4667 24.7331 23.7700 
-13.5795 24.8817 23.7262 
-13.6683 24.9993 23.6892 
-14.0052 25.4320 23.5493 
-14.1822 25.6731 23.4753 
-14.6254 26.2210 23.3058 
-14.6631 26.2736 23.2915 
-14.6898 26.3103 23.2827 
-14.7973 26.4876 23.2481 
-15.0607 26.9456 23.1648 
-15.0617 26.9472 23.1644 
-15.3406 27.4284 23.0428 
-15.4196 27.6413 22.9923 
-15.4353 27.6937 22.9861 
-15.4649 27.8101 22.9660 
-15.7372 28.4334 22.8490 
-15.7648 28.4927 22.8347 
-15.9534 28.9727 22.6925 
-15.9893 29.1479 22.6679 
-15.9934 29.1676 22.6653 
-16.0901 29.5955 22.5952 
-16.1275 29.7618 22.5684 
-16.1283 29.7658 22.5680 
-16.2114 30.3135 22.4975 
-16.2329 30.5150 22.4687 
-16.2359 30.5345 22.4655 
-16.2364 30.5393 22.4646 
-16.2414 30.5678 22.4554 
-16.3265 31.3619 22.3004 
-16.3279 31.3942 22.2927 
-16.3492 31.6793 22.2107 
-16.3609 31.9716 22.1424 
-16.3667 32.0023 22.1283 
-16.3891 32.2320 22.0068 
-16.4120 32.4490 21.8894 
-16.4116 32.4548 21.8854 
-16.3920 32.8249 21.6302 
-16.3526 32.9655 21.5072 
-16.3445 32.9879 21.4926 
-16.2297 33.3158 21.2689 
-16.1759 33.4107 21.1920 
-15.9868 33.7177 21.0058 
-15.9600 33.7610 20.9800 
-15.9112 33.8020 20.9441 
-15.7671 33.9217 20.8619 
-15.6666 33.9751 20.8127 
-15.0901 34.2946 20.6417 
-14.9427 34.3748 20.5848 
-14.8941 34.4018 20.5710 
-14.7570 34.4619 20.5361 
-14.2175 34.6967 20.3894 
-14.1789 34.7088 20.3800 
-13.4515 34.9315 20.1765 
-13.2406 34.9995 20.1336 
-13.1283 35.0258 20.1137 
-12.0997 35.2518 19.8796 
-12.0549 35.2631 19.8745 
-11.6353 35.3545 19.8321 
-11.1529 35.4068 19.6997 
-11.1098 35.4067 19.6930 
-10.6213 35.4012 19.6120 
-10.0913 35.3873 19.5163 
-10.0499 35.3840 19.5110 
-9.1108 35.3315 19.4176 
-9.0823 35.3297 19.4145 
-9.0758 35.3288 19.4133 
-8.3483 35.2035 19.2954 
-8.0257 35.1289 19.2632 
-8.0026 35.1242 19.2596 
-7.9998 35.1239 19.2595 
-7.9755 35.1210 19.2590 
-7.1493 34.9947 19.2136 
-7.1479 34.9944 19.2136 
-6.5683 34.8998 19.1935 
-6.5423 34.8971 19.1939 
-6.5238 34.8953 19.1941 
-5.5498 34.7402 19.1656 
-5.5447 34.7392 19.1655 
-5.5339 34.7382 19.1666 
-5.3243 34.7191 19.1869 
-4.4852 34.6690 19.1379 
-4.4826 34.6689 19.1378 
-3.8178 34.6675 19.0658 
-3.7974 34.6683 19.0598 
-3.6760 34.6574 19.0215 
-3.3810 34.6027 18.9228 
-3.2376 34.5826 18.8149 
-3.2097 34.5810 18.7735 
-2.9977 34.4763 18.4228 
-2.9220 34.4149 18.2885 
-2.8973 34.3915 18.2308 
-2.6591 34.1237 17.6946 
-2.6620 34.1058 17.6559 
-2.6616 34.1049 17.6544 
-2.5871 34.0146 17.4693 
-2.4316 33.7069 16.8387 
-2.4095 33.6861 16.7968 
-2.4060 33.6816 16.7834 
-2.3960 33.6565 16.7088 
-2.2030 33.4573 16.0442 
-2.1783 33.4348 15.9922 
-2.0881 33.4141 15.8436 
-2.0095 33.3902 15.7501 
-1.7884 33.3175 15.3314 
-1.7301 33.3170 15.2440 
-1.6904 33.3348 15.1966 
-1.5835 33.4105 14.9962 
-1.3442 33.5536 14.5287 
-1.3357 33.5591 14.5126 
-0.9515 33.7121 13.9915 
-0.8923 33.7379 13.9132 
-0.8807 33.7450 13.8996 
-0.8450 33.7630 13.8641 
-0.4517 33.9081 13.4383 
-0.3863 33.9217 13.3917 
-0.2334 33.9597 13.2848 
-0.1643 33.9625 13.2324 
0.1364 33.9679 13.1220 
0.2692 33.9803 13.0739 
0.4273 34.0131 13.0179 
0.8180 34.0831 12.9633 
0.9802 34.1166 12.9411 
1.1049 34.1408 12.9240 
1.4676 34.2024 12.9273 
1.8663 34.3018 12.9381 
2.0555 34.3358 12.9403 
2.3141 34.3764 12.9638 
2.9251 34.5382 13.0396 
3.2664 34.6175 13.0784 
3.3127 34.6378 13.0867 
3.5539 34.7374 13.1505 
3.9902 34.8362 13.2387 
4.1016 34.8550 13.2452 
4.3791 34.8915 13.2790 
4.5464 34.8992 13.2899 
4.5770 34.9023 13.2893 
5.0057 34.8369 13.2287 
5.1972 34.7923 13.1942 
5.2634 34.7777 13.1827 
5.2772 34.7743 13.1815 
6.3491 34.6722 13.1388 
6.3916 34.6666 13.1282 
6.4216 34.6682 13.1279 
6.4341 34.6690 13.1271 
6.8869 34.7154 13.1179 
6.9729 34.7264 13.1059 
6.9993 34.7297 13.1023 
7.4538 34.7655 13.0774 
7.4732 34.7688 13.0770 
7.4943 34.7711 13.0785 
8.2944 34.8459 13.1261 
8.3205 34.8488 13.1278 
8.4778 34.8646 13.1420 
9.2499 34.9958 13.2431 
9.3092 35.0072 13.2517 
9.5502 35.0593 13.2781 
10.0171 35.2527 13.4335 
10.0278 35.2563 13.4378 
10.2255 35.3248 13.5208 
10.5207 35.4185 13.6372 
10.5413 35.4269 13.6470 
10.9853 35.6043 13.8676 
11.0759 35.6391 13.9114 
11.1515 35.6698 13.9458 
11.3385 35.8088 14.0773 
11.6868 36.0138 14.3057 
11.7304 36.0383 14.3357 
12.0729 36.3779 14.7335 
12.1083 36.4168 14.7789 
12.1367 36.4462 14.8169 
12.3960 36.7563 15.2161 
12.4074 36.7686 15.2346 
12.4476 36.8703 15.3730 
12.5462 36.9740 15.5296 
12.5906 37.0160 15.6134 
12.6692 37.0614 15.7209 
12.7068 37.0757 15.7829 
12.9543 37.1055 16.0827 
12.9681 37.1310 16.1399 
13.0398 37.2732 16.5276 
13.1109 37.3008 16.6977 
13.1185 37.3014 16.7183 
13.1943 37.3338 17.1212 
13.2005 37.3314 17.1629 
13.5262 37.2424 17.8155 
13.5520 37.2354 17.8664 
13.5562 37.2340 17.8863 
13.5555 37.2337 17.9007 
13.5507 37.2193 17.9564 
13.6374 37.1220 18.7183 
13.6405 37.1067 18.7781 
13.6384 37.0398 19.0748 
13.6408 37.0378 19.1100 
13.6652 37.0181 19.3471 
13.7277 36.9683 19.4572 
13.7387 36.9238 19.5184 
13.8028 36.7655 19.6879 
13.8948 36.4645 20.0202 
13.9417 36.3004 20.1339 
13.9890 36.1210 20.2562 
14.0843 35.7343 20.5432 
14.1205 35.6086 20.6180 
14.2395 35.0671 20.9201 
14.2582 34.9995 20.9817 
14.2745 34.9318 21.0196 
14.4597 34.2756 21.4085 
14.4665 34.2280 21.4920 
14.4669 34.2147 21.5052 
14.4709 34.0809 21.6390 
14.4867 33.8059 21.9094 
14.3758 33.6300 22.1564 
14.2991 33.5321 22.3030 
14.1551 33.3159 22.5048 
13.9933 33.1222 22.6917 
13.9803 33.1108 22.7158 
13.8163 32.7405 23.0089 
13.7910 32.7009 23.0439 
13.5644 32.3507 23.3191 
13.5408 32.1930 23.4274 
13.5004 32.0886 23.4642 
13.3753 31.7743 23.5776 
13.2647 31.4751 23.6795 
13.1861 31.2925 23.7244 
13.0410 30.8765 23.8038 
13.0287 30.8462 23.8072 
12.9008 30.5703 23.8519 
12.8388 30.3937 23.8644 
12.8268 30.3588 23.8667 
12.6535 29.9242 23.8748 
12.6190 29.8310 23.8739 
12.6146 29.8215 23.8747 
12.5802 29.7474 23.8798 
12.3529 29.2129 23.8946 
12.3504 29.2064 23.8944 
12.3365 29.1704 23.8938 
12.0916 28.4964 23.8676 
11.9671 28.1841 23.8561 
11.6940 27.3909 23.7904 
11.6495 27.2667 23.7780 
11.4246 26.6354 23.7144 
11.3541 26.4371 23.6947 
11.1712 25.8766 23.6267 
11.1219 25.7336 23.6059 
10.8776 25.0046 23.4946 
10.7955 24.7715 23.4617 
10.7891 24.7559 23.4581 
10.6880 24.5212 23.4062 
10.5116 24.1542 23.3380 
10.4978 24.1273 23.3321 
10.1062 23.5158 23.2821 
10.0566 23.4618 23.2739 
10.0306 23.4263 23.2731 
9.3468 22.5730 23.3103 
9.3073 22.5284 23.3158 
9.2790 22.4858 23.3263 
9.2048 22.3923 23.3349 
9.1108 22.2135 23.3759 
8.9241 21.9732 23.4640 
8.7994 21.8443 23.4724 
8.7236 21.8069 23.4934 
8.5563 21.6298 23.6696 
8.4584 21.5195 23.7707 
8.4072 21.4489 23.8402 
8.1699 21.1652 24.1683 
8.1224 21.1128 24.2345 
8.0735 21.1134 24.3098 
8.0247 21.1178 24.3851 
7.9413 21.1250 24.4980 
7.8706 21.1313 24.6053 
7.7557 21.2515 24.7724 
7.6206 21.3875 24.9693 
7.5766 21.4532 25.0322 
7.3473 21.7324 25.2775 
7.3464 21.7329 25.2776 
7.3411 21.7413 25.2845 
7.2900 21.8245 25.3522 
7.1449 22.0772 25.5795 
7.1384 22.0997 25.6133 
7.0867 22.1367 25.6759 
6.7678 22.3154 25.9653 
6.6333 22.3915 26.0723 
6.2667 22.7923 26.4836 
6.1722 22.8305 26.6046 
6.1448 22.8455 26.6283 
5.9560 22.9661 26.7576 
5.3983 23.2778 27.1358 
5.3310 23.3176 27.1821 
5.1515 23.4274 27.2957 
4.5885 23.7285 27.6267 
4.3868 23.8107 27.7304 
4.2914 23.8511 27.7755 
3.9016 24.1145 27.9916 
3.8482 24.1332 28.0260 
3.7809 24.1600 28.0518 
3.5991 24.2955 28.1389 
3.4610 24.3963 28.2046 
3.4571 24.3999 28.2066 
3.3368 24.5109 28.2684 
3.1704 24.6224 28.3487 
3.1347 24.6453 28.3627 
2.8171 25.0616 28.4650 
2.8127 25.0666 28.4664 
2.7937 25.0876 28.4719 
2.6838 25.3100 28.5201 
2.5455 25.4782 28.5064 
2.5337 25.4936 28.5090 
2.4815 25.5706 28.5267 
2.3942 25.6416 28.5664 
2.3148 25.7023 28.5860 
2.2216 25.7507 28.6122 
2.1829 25.7713 28.6244 
1.8840 26.0603 28.6788 
1.8707 26.0780 28.6797 
1.8488 26.1200 28.6935 
1.5321 26.3855 28.7450 
1.4937 26.3960 28.7406 
1.4455 26.4163 28.7508 
1.3945 26.5245 28.7801 
1.1619 26.6805 28.8419 
1.1002 26.7258 28.8547 
0.9603 26.9245 28.7922 
0.8032 27.0134 28.7337 
0.6280 27.0555 28.7227 
0.4406 27.0983 28.7071 
0.4070 27.0982 28.6922 
0.2647 27.1384 28.6553 
0.2223 27.1517 28.6426 
0.1019 27.1642 28.6405 
0.0725 27.1660 28.6396 
-0.1861 27.1838 28.6287 
-0.7505 27.0345 28.5439 
-0.9090 26.9878 28.5369 
-1.4497 26.7117 28.4831 
-1.5630 26.6336 28.4666 
-2.0391 26.3119 28.3743 
-2.4033 26.0594 28.3258 
-3.0201 25.6142 28.2390 
-3.0639 25.5852 28.2335 
-3.2455 25.4684 28.2007 
-3.3939 25.3734 28.1730 
-3.6823 25.1875 28.1224 
-4.0205 25.0050 28.0764 
-4.5190 24.7302 28.0212 
-4.5798 24.7038 28.0175 
-5.2472 24.4043 27.9649 
-5.3893 24.3625 27.9590 
-5.4092 24.3556 27.9571 
-5.4732 24.3247 27.9479 
-6.0994 24.0991 27.8925 
-6.1898 24.0566 27.9080 
-6.6535 23.8248 27.9777 
-6.6843 23.8215 27.9920 
-6.9042 23.7510 28.0049 
-6.9255 23.7397 28.0094 
-7.0659 23.6594 28.0282 
-7.4275 23.4083 28.0623 
-7.5023 23.3519 28.0559 
-7.6749 23.1619 28.0477 
-7.6864 23.1498 28.0471 
-7.8322 22.9827 27.9610 
-8.0355 22.8778 27.8779 
-8.2141 22.8006 27.7509 
-8.3318 22.7636 27.6763 
-8.3730 22.7539 27.6523 
-8.6966 22.7174 27.3877 
-8.8143 22.7327 27.3211 
-8.9626 22.7654 27.2224 
-9.2824 22.8047 26.9630 
-9.3059 22.8101 26.9479 
-9.6339 22.9042 26.7224 
-9.6396 22.9060 26.7183 
-9.7317 22.9361 26.6540 
-9.8350 22.9535 26.5475 
-10.2582 23.0420 26.0945 
-10.2551 23.0475 26.0893 
-10.2424 23.0543 26.0576 
-10.2490 23.0519 26.0433 
-10.2910 23.0350 25.9734 
-10.2986 23.0339 25.9371 
-10.6690 22.9519 25.5274 
-10.7417 22.9360 25.4415 
-11.0964 22.8958 25.0361 
-11.2025 22.8605 24.9620 
-11.3913 22.9711 24.8107 
-11.5290 23.0071 24.7608 
-11.7044 23.0531 24.6971 
-11.7509 23.0629 24.6625 
-11.7866 23.0894 24.6375 
-12.1773 23.3361 24.3600 
-12.1936 23.3447 24.3482 
-12.3247 23.4232 24.2209 
-12.9164 24.0786 23.9561 
% end
