% Curve 1: 574261, Curve; 
% Length=81.2794; NumberOfSegments=286; FullyAttached=Yes; Closed=Yes; 
% Units: mm
% begin
9.1916 35.0078 14.0241 
9.0206 35.0354 14.0116 
8.5140 35.0721 14.0283 
8.0584 35.0528 14.0089 
8.0011 35.0572 14.0108 
7.0191 35.0893 14.1298 
7.0060 35.0912 14.1283 
6.9257 35.0854 14.1364 
6.8903 35.0884 14.1420 
6.0626 35.0045 14.2853 
5.9840 34.9917 14.3059 
5.5067 34.9574 14.4612 
5.4778 34.9566 14.4716 
5.1387 34.9364 14.6107 
4.8402 34.8857 14.7136 
4.7992 34.8778 14.7296 
4.4947 34.8423 14.8618 
4.0646 34.7443 15.0203 
4.0569 34.7427 15.0233 
3.7568 34.6880 15.1250 
3.3855 34.5715 15.2202 
3.3500 34.5608 15.2286 
3.0122 34.4625 15.3111 
2.9824 34.4510 15.3169 
2.5860 34.3018 15.3881 
2.4177 34.2175 15.3899 
2.3748 34.2089 15.4021 
2.2623 34.1805 15.4401 
1.7734 33.9681 15.5418 
1.7706 33.9668 15.5423 
1.5256 33.8364 15.6214 
1.3252 33.7618 15.6966 
1.1929 33.7142 15.7417 
0.7192 33.7663 16.0279 
0.6793 33.7752 16.0676 
0.3554 33.8335 16.2644 
0.3459 33.8353 16.2703 
0.1872 33.9030 16.3681 
0.0402 33.9355 16.4665 
0.0326 33.9370 16.4726 
-0.1956 33.9945 16.6585 
-0.3710 34.0029 16.7983 
-0.3756 34.0030 16.8016 
-0.4913 34.0486 16.8916 
-0.8847 34.0670 17.1860 
-0.9177 34.0685 17.2110 
-1.3388 34.2307 17.6182 
-1.3796 34.2349 17.6506 
-1.3841 34.2355 17.6544 
-1.4220 34.2570 17.6767 
-1.8054 34.2935 18.0075 
-1.8148 34.2943 18.0168 
-1.9782 34.3443 18.2002 
-2.1211 34.3105 18.3130 
-2.1370 34.3100 18.3276 
-2.3742 34.3021 18.5446 
-2.4252 34.2967 18.5866 
-2.4819 34.2888 18.6356 
-2.7518 34.2975 18.9352 
-2.7544 34.2976 18.9382 
-2.8868 34.2778 19.0542 
-3.1373 34.2261 19.2507 
-3.1564 34.2220 19.2657 
-3.4915 34.1990 19.6155 
-3.5179 34.2021 19.6518 
-3.5435 34.2023 19.6911 
-3.6773 34.1781 19.8221 
-3.9150 34.1375 20.0162 
-3.9727 34.1215 20.0447 
-4.0171 34.1114 20.0662 
-4.4192 34.0260 20.3592 
-4.4626 34.0174 20.4020 
-4.5390 33.9946 20.4798 
-4.7598 33.9283 20.7370 
-4.7711 33.9249 20.7524 
-4.8299 33.8955 20.8360 
-5.0049 33.8065 21.0961 
-5.0157 33.7994 21.1125 
-5.2639 33.6019 21.6309 
-5.3129 33.5676 21.7126 
-5.3243 33.5565 21.7452 
-5.3326 33.5445 21.7707 
-5.5782 33.2151 22.5005 
-5.5777 33.1746 22.5667 
-5.5795 33.1590 22.6017 
-5.6492 32.9326 23.0566 
-5.6528 32.9031 23.1229 
-5.6540 32.8680 23.1906 
-5.7393 32.6061 23.5635 
-5.7251 32.5299 23.7398 
-5.7130 32.4612 23.9013 
-5.7250 32.2022 24.3201 
-5.7282 32.1671 24.4059 
-5.7296 32.1352 24.4815 
-5.7464 32.0419 24.6110 
-5.7820 31.9065 24.7172 
-5.7704 31.7348 24.8407 
-5.7671 31.4614 24.9659 
-5.7660 31.4412 24.9749 
-5.7375 31.2214 25.1485 
-5.7312 31.1144 25.1968 
-5.7153 31.1022 25.2005 
-5.6808 30.8426 25.2234 
-5.6729 30.7981 25.2264 
-5.5466 30.3943 25.3351 
-5.5243 30.2858 25.3469 
-5.4981 30.1497 25.3629 
-5.2215 29.5021 25.5873 
-5.2181 29.4535 25.6072 
-5.1941 29.4169 25.6211 
-4.9887 28.9896 25.7760 
-4.9329 28.8419 25.8505 
-4.9236 28.8016 25.8663 
-4.9108 28.7698 25.8830 
-4.6462 28.1458 26.1811 
-4.6333 28.1172 26.1932 
-4.6295 28.1121 26.1972 
-4.5654 28.0241 26.2649 
-4.1821 27.4011 26.7522 
-4.1742 27.3872 26.7632 
-4.1007 27.2554 26.8954 
-3.7928 26.7856 27.3484 
-3.7781 26.7681 27.3648 
-3.5524 26.5835 27.6878 
-3.4303 26.4576 27.8401 
-3.3299 26.3741 27.9434 
-3.0723 26.1924 28.2489 
-3.0096 26.1609 28.3076 
-2.7607 26.0551 28.5649 
-2.6714 26.0304 28.6746 
-2.3662 25.9907 28.9764 
-2.2514 25.9688 29.0816 
-2.1476 25.9647 29.1547 
-1.8979 25.9370 29.3127 
-1.7773 25.9349 29.3727 
-1.0715 25.9479 29.7458 
-1.0449 25.9419 29.7701 
-0.5967 25.8961 29.9313 
-0.2645 25.8927 30.0295 
0.0464 25.8847 30.1143 
0.1471 25.8668 30.1522 
0.1918 25.8538 30.1574 
0.2723 25.8493 30.1608 
0.7607 25.7350 30.1149 
0.7874 25.7314 30.1177 
1.3774 25.6235 30.1942 
1.6041 25.5671 30.1850 
1.7865 25.5182 30.1786 
1.9789 25.4655 30.1678 
2.2735 25.3657 30.1568 
2.4657 25.2765 30.0951 
2.5071 25.2530 30.0835 
2.8342 25.1171 30.0765 
3.3163 24.9126 30.0592 
3.5084 24.8164 30.0595 
3.7471 24.6849 30.0424 
3.8567 24.6284 30.0404 
4.3106 24.3556 30.0551 
4.4766 24.2522 30.0561 
4.4837 24.2477 30.0559 
5.0527 23.8409 30.0649 
5.0581 23.8367 30.0651 
5.3283 23.6547 30.1097 
5.5381 23.4974 30.1233 
5.9601 23.1654 30.1580 
6.1876 22.9625 30.1488 
6.2164 22.9401 30.1514 
6.8147 22.4622 30.2149 
7.2480 22.1042 30.2481 
7.2587 22.0954 30.2489 
7.4452 21.9593 30.2815 
8.2714 21.2593 30.3320 
8.2928 21.2425 30.3346 
8.7743 20.8771 30.3850 
9.0882 20.6028 30.3921 
9.1502 20.5514 30.3911 
9.5660 20.1974 30.3786 
9.5876 20.1811 30.3763 
9.9784 19.8300 30.2926 
10.0046 19.8067 30.2872 
10.1767 19.6796 30.2317 
10.2262 19.6329 30.2048 
10.4478 19.4924 30.0584 
10.7957 19.2876 29.8553 
10.8182 19.2728 29.8394 
10.9105 19.2381 29.7658 
11.1092 19.1583 29.5949 
11.2296 19.1515 29.4762 
11.4775 19.1382 29.2354 
11.5178 19.1343 29.1890 
11.8965 19.2230 28.6969 
11.9874 19.2429 28.5651 
11.9982 19.2491 28.5470 
12.0469 19.2773 28.4540 
12.4699 19.5209 27.7163 
12.5200 19.5490 27.6678 
12.8804 19.8852 27.2661 
12.9171 19.9201 27.2201 
13.0380 20.0496 27.0619 
13.4639 20.5535 26.7575 
13.5547 20.6567 26.6915 
13.6792 20.8169 26.5954 
14.2981 21.5996 26.4020 
14.3006 21.6028 26.4010 
14.3543 21.6771 26.3777 
14.4191 21.8049 26.3684 
15.0897 22.6875 26.2283 
15.2018 22.8148 26.2060 
15.8568 23.5434 26.1696 
16.1968 23.9262 26.1217 
16.5697 24.2794 26.0674 
17.1732 24.8382 26.0374 
17.2577 24.9177 26.0278 
17.5291 25.1488 25.9950 
18.2319 25.7452 25.9192 
18.3275 25.8303 25.9092 
18.5904 26.0638 25.8846 
19.5617 26.9346 25.7586 
19.7368 27.0918 25.7350 
19.8433 27.3266 25.7285 
19.8355 27.4886 25.7391 
19.7857 28.3119 25.7392 
19.7561 28.8164 25.7439 
19.6457 29.3447 25.7654 
19.4901 29.9391 25.6678 
19.3650 30.2693 25.6190 
19.3385 30.3455 25.5843 
19.2554 30.4977 25.5180 
18.8986 31.1696 25.2610 
18.8886 31.1880 25.2540 
18.5939 31.6696 24.9993 
18.5716 31.7183 24.9672 
18.4837 31.8896 24.8544 
18.4057 32.0312 24.7397 
18.3277 32.4562 24.4073 
18.3265 32.5181 24.3597 
18.3159 33.1351 23.8548 
18.3111 33.3676 23.6785 
18.3127 33.4414 23.6229 
18.3254 33.6680 23.3683 
18.3442 33.9418 23.0263 
18.3445 34.0173 22.9311 
18.3485 34.2918 22.5092 
18.3239 34.4126 22.3224 
18.1925 34.9050 21.6774 
18.1638 34.9593 21.5559 
18.1498 34.9873 21.4935 
18.0474 35.1464 20.9870 
17.9508 35.2027 20.8058 
17.7614 35.2428 20.4384 
17.7545 35.2448 20.4252 
17.4254 35.3100 20.0348 
17.2496 35.3459 19.8264 
17.1370 35.3656 19.7189 
16.6888 35.3560 19.2606 
16.5979 35.3395 19.1938 
16.5544 35.3312 19.1540 
16.2739 35.3425 18.9006 
16.0199 35.3315 18.6701 
15.9649 35.3354 18.6205 
15.9019 35.3399 18.5635 
15.4631 35.3111 18.1661 
15.2773 35.2837 17.9978 
15.2073 35.2731 17.9280 
14.7882 35.2370 17.5103 
14.7411 35.2280 17.4633 
14.1590 35.1124 16.8404 
14.1342 35.1096 16.8139 
14.1247 35.1086 16.8035 
14.0672 35.0955 16.7469 
13.4667 34.9111 16.0471 
13.4496 34.9070 16.0276 
13.2024 34.8463 15.7796 
12.9902 34.8032 15.5701 
12.9653 34.8032 15.5476 
12.5550 34.7868 15.2437 
12.3101 34.7778 15.0348 
12.2773 34.7729 15.0073 
12.2488 34.7675 14.9866 
12.1835 34.7695 14.9225 
11.3006 34.8275 14.4588 
11.2739 34.8267 14.4486 
11.1408 34.8279 14.4009 
10.4391 34.8472 14.1601 
10.3655 34.8614 14.1442 
9.7916 34.9251 14.0792 
9.1916 35.0078 14.0241 
% end
