% Curve 1: 578112, Curve; 
% Length=66.4632; NumberOfSegments=230; FullyAttached=Yes; Closed=Yes; 
% Units: mm
% begin
-0.9468 35.9144 14.7744 
-0.2671 36.1300 15.1246 
0.1445 36.2608 15.3783 
0.3935 36.4065 15.5519 
0.6243 36.4932 15.6982 
1.0139 36.6315 15.9868 
1.1848 36.7133 16.1243 
1.2112 36.7294 16.1473 
1.7285 37.0336 16.6604 
1.8370 37.1165 16.7803 
1.9239 37.1824 16.8800 
2.4259 37.5468 17.4457 
2.4513 37.5625 17.4724 
2.6404 37.6796 17.6714 
3.0892 37.8659 18.0688 
3.1047 37.8727 18.0817 
3.4101 38.0504 18.3762 
3.7725 38.2733 18.7371 
4.0796 38.4586 19.0507 
4.1725 38.5045 19.1354 
4.1868 38.5112 19.1480 
4.2318 38.5314 19.1878 
4.8225 38.8104 19.7393 
4.9237 38.8619 19.8211 
4.9509 38.8728 19.8487 
4.9889 38.8798 19.8792 
5.5410 38.9509 20.2956 
5.6039 38.9504 20.3600 
6.1028 39.0206 20.9538 
6.1904 39.0022 21.1241 
6.1995 38.9988 21.1379 
6.3328 38.9538 21.3551 
6.5808 38.7134 21.9744 
6.6038 38.6903 22.0121 
6.6720 38.5887 22.1519 
6.9417 38.1781 22.7611 
6.9626 38.1483 22.7951 
7.0823 37.9876 22.9837 
7.3269 37.6380 23.4206 
7.3641 37.6048 23.4662 
7.4086 37.5546 23.5278 
7.7013 37.2248 23.9112 
7.8159 37.1598 24.0200 
7.9265 37.0976 24.1276 
7.9440 37.0880 24.1462 
8.4464 36.9924 24.5430 
8.4560 36.9909 24.5516 
8.9128 36.9984 24.9047 
8.9420 37.0106 24.9198 
8.9852 37.0099 24.9483 
9.5483 37.0301 25.2931 
9.5923 37.0330 25.3221 
9.7746 37.0434 25.4438 
10.2746 37.0281 25.7211 
10.4407 37.0118 25.8262 
10.9996 37.0227 26.2593 
11.0722 37.0258 26.3175 
11.1624 37.0187 26.4043 
11.5455 36.9823 26.7642 
11.6114 36.9575 26.8508 
11.9016 36.8805 27.2628 
11.9273 36.8541 27.3038 
11.9996 36.7554 27.4404 
12.0519 36.5289 27.6746 
12.1809 36.0161 27.8767 
12.1981 35.9654 27.8902 
12.2150 35.8757 27.9100 
12.2857 35.5618 27.9784 
12.3846 35.0344 28.0317 
12.3891 34.9203 28.0416 
12.4079 34.4343 28.1072 
12.4161 34.2606 28.0814 
12.3822 34.0933 28.0582 
12.3736 34.0508 28.0578 
12.2817 33.8074 28.0521 
12.1989 33.5818 28.0236 
12.0395 33.2527 27.9762 
11.6994 32.5999 27.9371 
11.7002 32.5772 27.9377 
11.6849 32.5524 27.9314 
11.6768 32.5309 27.9300 
11.2930 31.9237 27.7860 
11.2109 31.8060 27.7554 
10.7836 31.2751 27.6970 
10.6221 31.0622 27.7227 
10.1489 30.5548 27.7582 
9.9260 30.3101 27.7654 
9.8602 30.2422 27.7663 
9.3044 29.6890 27.8041 
9.0541 29.4308 27.8075 
9.0322 29.4077 27.8080 
8.9599 29.3138 27.8270 
8.5465 28.8736 27.7832 
8.5271 28.8516 27.7814 
8.3560 28.6430 27.7317 
8.3383 28.6209 27.7252 
8.1463 28.3599 27.6558 
8.0701 28.2391 27.5998 
8.0632 28.2291 27.5961 
7.7930 27.7925 27.4544 
7.7821 27.7818 27.4483 
7.7395 27.7118 27.4226 
7.7208 27.6807 27.4114 
7.6858 27.6321 27.4026 
7.3308 27.0556 27.2091 
7.2808 26.9796 27.1811 
6.9156 26.4803 27.0336 
6.7945 26.3195 26.9895 
6.7704 26.2851 26.9782 
6.6234 26.0901 26.9064 
6.3854 25.7635 26.7789 
6.3457 25.7167 26.7556 
5.9819 25.3279 26.5894 
5.9516 25.2953 26.5753 
5.8511 25.2045 26.5230 
5.7558 25.1522 26.5189 
5.3258 24.9345 26.5251 
5.2385 24.8979 26.5219 
4.6579 24.7760 26.6843 
4.4941 24.7536 26.7169 
4.4338 24.7461 26.7382 
4.3685 24.7323 26.7663 
3.5933 24.7545 27.0163 
3.3890 24.7482 27.0751 
3.2232 24.7535 27.1111 
2.5791 24.8016 27.2745 
2.4240 24.8041 27.3060 
2.3106 24.8101 27.3235 
1.6442 24.8603 27.4367 
1.5769 24.8644 27.4474 
1.5457 24.8673 27.4511 
1.1834 24.9146 27.5039 
0.7901 24.9649 27.5602 
0.7348 24.9707 27.5672 
0.6770 24.9785 27.5721 
-0.0863 25.0972 27.6478 
-0.0987 25.0988 27.6488 
-0.1996 25.1150 27.6523 
-0.4861 25.2051 27.6965 
-1.0568 25.3673 27.7711 
-1.2102 25.4223 27.7999 
-1.2519 25.4384 27.8086 
-1.4402 25.5211 27.8363 
-1.8796 25.7444 27.9336 
-2.0588 25.8495 27.9663 
-2.1579 25.9174 27.9714 
-2.4350 26.1263 27.9948 
-2.4824 26.1518 27.9938 
-2.7649 26.3424 27.9243 
-2.9232 26.4392 27.8821 
-3.0707 26.5431 27.8160 
-3.5580 26.7983 27.5794 
-3.5935 26.8109 27.5609 
-3.8414 26.9049 27.4101 
-4.1180 27.0366 27.2457 
-4.4243 27.1860 27.0516 
-4.5012 27.2167 27.0025 
-4.5350 27.2388 26.9814 
-5.0895 27.6054 26.6204 
-5.1511 27.6321 26.5814 
-5.2111 27.6579 26.5456 
-5.6652 27.9809 26.2549 
-5.6936 28.0011 26.2377 
-5.8762 28.0978 26.1351 
-6.1583 28.2697 25.9715 
-6.2309 28.3140 25.9322 
-6.6687 28.6303 25.6819 
-6.7742 28.6977 25.6239 
-6.8051 28.7175 25.6071 
-6.8951 28.7967 25.5513 
-7.0937 29.0010 25.4186 
-7.3431 29.2576 25.2217 
-7.5959 29.5755 24.9998 
-7.6419 29.6346 24.9451 
-7.8329 29.9009 24.7069 
-7.8901 29.9831 24.6079 
-8.1912 30.5354 23.9779 
-8.2979 30.7061 23.7944 
-8.3380 30.7975 23.6984 
-8.3420 30.8077 23.6826 
-8.4624 31.0804 23.2470 
-8.5151 31.2262 22.9120 
-8.5270 31.4034 22.5652 
-8.5268 31.4205 22.5239 
-8.3610 31.8709 21.4422 
-8.3554 31.9433 21.3565 
-8.3354 31.9927 21.2999 
-8.3091 32.0314 21.2287 
-8.3076 32.0345 21.2227 
-8.2739 32.0800 21.0979 
-7.9707 32.4650 20.0521 
-7.9675 32.4682 20.0415 
-7.8688 32.5424 19.7957 
-7.6211 32.7275 19.2778 
-7.5820 32.7513 19.2155 
-7.4638 32.8221 19.0270 
-7.2740 32.9559 18.5487 
-7.2514 32.9701 18.5071 
-7.1531 33.0172 18.3363 
-7.0535 33.0485 18.0031 
-7.0274 33.0440 17.9466 
-6.6756 33.0467 17.1602 
-6.6375 33.0305 17.1493 
-6.5791 33.0453 17.0978 
-6.5500 33.0410 17.0902 
-6.0981 33.0510 16.5233 
-5.9469 33.1232 16.3731 
-5.8885 33.1509 16.3158 
-5.5605 33.2492 15.9930 
-5.3618 33.3574 15.7990 
-5.3318 33.3790 15.7699 
-5.1717 33.4887 15.6338 
-4.8274 33.6116 15.3242 
-4.7007 33.6753 15.2109 
-4.5276 33.7627 15.0723 
-4.1951 33.8993 14.8185 
-4.1690 33.9105 14.8039 
-3.9253 34.0513 14.6534 
-3.7897 34.1058 14.5795 
-3.7768 34.1116 14.5745 
-3.6410 34.1807 14.5186 
-3.3340 34.3112 14.4023 
-3.2733 34.3396 14.3901 
-2.7302 34.7200 14.2500 
-2.7025 34.7393 14.2428 
-2.6043 34.8117 14.2444 
-2.2762 35.0678 14.2486 
-1.9276 35.3526 14.3658 
-1.8335 35.4258 14.3806 
-1.6100 35.5402 14.4330 
-0.9468 35.9144 14.7744 
% end
