% Curve 1: 579994, Curve; 
% Length=143.142; NumberOfSegments=610; FullyAttached=Yes; Closed=Yes; 
% Units: mm
% begin
15.2796 28.6030 13.8229 
15.1548 28.6621 13.8681 
14.8847 28.8342 14.0141 
14.7750 28.9591 14.0899 
14.6879 29.0597 14.1540 
14.3517 29.3436 14.3338 
14.3116 29.3777 14.3558 
14.2221 29.4617 14.4044 
14.1230 29.5135 14.4605 
13.6997 29.7336 14.6968 
13.6737 29.7498 14.7243 
13.6419 29.7648 14.7593 
13.6101 29.7617 14.7786 
13.5554 29.7564 14.8117 
13.1397 29.8328 14.9951 
13.0243 29.8602 15.0176 
13.0098 29.8646 15.0206 
12.8170 29.9295 15.0262 
12.6155 29.9634 15.0272 
12.5393 29.9763 15.0266 
12.4357 29.9862 15.0253 
12.1199 30.0158 15.0460 
11.8777 30.0452 15.0620 
11.8178 30.0525 15.0671 
11.1811 30.0900 15.1196 
11.1252 30.0901 15.1241 
11.0983 30.0901 15.1259 
10.4971 30.0608 15.1649 
10.4884 30.0604 15.1647 
10.4231 30.0664 15.1653 
10.1367 30.0455 15.1554 
10.0797 30.0436 15.1484 
9.4468 30.0884 15.1228 
9.4306 30.0918 15.1169 
9.4180 30.0945 15.1122 
9.1350 30.0964 15.0849 
9.1145 30.1002 15.0851 
8.5693 30.2037 15.0861 
8.1483 30.2862 15.0886 
8.0874 30.2850 15.0802 
8.0607 30.2847 15.0762 
7.0299 30.3337 14.9498 
7.0275 30.3338 14.9422 
7.0176 30.3338 14.9409 
6.1536 30.3926 14.8200 
6.1359 30.3936 14.8166 
5.5967 30.4432 14.7109 
5.4520 30.4493 14.6834 
5.2244 30.4558 14.6210 
4.9989 30.4679 14.5579 
4.9669 30.4647 14.5500 
4.5622 30.4218 14.4407 
4.1678 30.3726 14.3361 
4.1191 30.3650 14.3236 
3.4418 30.2602 14.1545 
3.2193 30.2336 14.0971 
3.2067 30.2304 14.0943 
2.3988 30.0580 13.9883 
2.3542 30.0505 13.9817 
2.2607 30.0421 13.9863 
1.8296 29.9364 14.0374 
1.6406 29.9251 14.1330 
1.5513 29.9320 14.1703 
1.2964 30.0281 14.4069 
1.2892 30.0330 14.4173 
1.1334 30.1513 14.6317 
1.0824 30.1863 14.7057 
1.0764 30.2085 14.7429 
1.0544 30.2769 14.8985 
1.0258 30.3334 15.1440 
1.0214 30.3141 15.2183 
0.9512 30.2052 15.6414 
0.9318 30.1274 15.7696 
0.9284 30.1173 15.7864 
0.8699 30.0763 15.8759 
0.8229 30.0309 15.9322 
0.7529 29.9885 15.9873 
0.5534 29.9212 16.0823 
0.5437 29.9107 16.0953 
0.2820 29.8549 16.2416 
0.0021 29.8280 16.3689 
-0.0184 29.8269 16.3792 
-0.1317 29.8365 16.4190 
-0.1877 29.8348 16.4320 
-0.2022 29.8371 16.4329 
-0.2404 29.8594 16.4319 
-1.0870 29.8500 16.4006 
-1.0913 29.8501 16.4003 
-1.9434 29.8572 16.3669 
-2.0608 29.8412 16.3352 
-2.0838 29.8343 16.3334 
-2.1180 29.8263 16.3376 
-2.2255 29.8176 16.3438 
-2.8834 29.7620 16.3829 
-2.9556 29.7588 16.3933 
-3.1935 29.7612 16.4219 
-3.3965 29.7650 16.4456 
-3.4300 29.7641 16.4502 
-3.4916 29.7718 16.4851 
-3.5621 29.8031 16.5890 
-3.6614 29.8687 16.7256 
-3.7356 29.9556 16.9099 
-3.8463 29.9455 17.1874 
-3.8858 29.9718 17.2859 
-3.9177 30.0263 17.5476 
-3.9232 30.0267 17.5819 
-3.8810 30.0102 17.9349 
-3.8829 29.9428 18.0782 
-3.8772 29.8566 18.2529 
-3.7878 29.8802 18.4888 
-3.7382 29.8787 18.5796 
-3.5887 29.8256 18.9334 
-3.5695 29.8231 19.0001 
-3.5473 29.8365 19.0251 
-3.3449 29.9698 19.2182 
-3.2953 30.0437 19.2928 
-3.2701 30.1919 19.4037 
-3.2172 30.5883 19.5878 
-3.2022 30.7271 19.6911 
-3.2292 30.8060 19.7443 
-3.2579 30.8811 19.8066 
-3.2997 30.9430 19.8573 
-3.5074 31.2403 20.1135 
-3.5854 31.4093 20.3397 
-3.5775 31.4105 20.3631 
-3.6107 31.3472 20.5155 
-3.6558 31.3435 20.5657 
-3.6718 31.3390 20.5789 
-3.6994 31.3326 20.6034 
-3.7013 31.3325 20.6048 
-4.3325 31.3315 21.0764 
-4.3406 31.3319 21.0831 
-4.4009 31.3404 21.1268 
-4.7101 31.3542 21.3149 
-5.1546 31.3517 21.6015 
-5.1860 31.3493 21.6192 
-5.2005 31.3444 21.6244 
-5.2855 31.3015 21.6451 
-5.5144 31.2444 21.6475 
-5.9060 31.1450 21.7406 
-6.0320 31.1082 21.7975 
-6.2401 31.0471 21.9143 
-6.7853 30.6965 22.1323 
-6.7723 30.6910 22.1401 
-6.7754 30.6775 22.1478 
-6.8095 30.6631 22.1459 
-7.0011 30.6018 22.1644 
-7.4919 30.4980 22.1830 
-7.8554 30.4541 22.1963 
-8.0471 30.5049 22.3057 
-8.3909 30.5674 22.5141 
-8.7351 30.6259 22.6816 
-8.8050 30.6314 22.7168 
-8.8110 30.6322 22.7225 
-8.9449 30.7313 22.8508 
-9.1733 30.7871 22.8970 
-9.1777 30.7882 22.8979 
-9.3969 30.8274 22.9655 
-9.7485 30.8229 23.0204 
-10.0080 30.7993 23.0656 
-10.0764 30.7912 23.0737 
-10.1703 30.7809 23.0830 
-10.5566 30.7368 23.1947 
-10.7178 30.6896 23.2639 
-10.9821 30.5776 23.2754 
-10.9886 30.5758 23.2766 
-11.7070 30.4241 23.3756 
-11.8547 30.4045 23.4136 
-11.8781 30.4007 23.4202 
-12.3161 30.3268 23.5421 
-12.6975 30.2529 23.6386 
-12.7294 30.2457 23.6455 
-12.7758 30.2345 23.6561 
-13.2504 30.0989 23.7477 
-13.6344 29.9797 23.7919 
-13.6849 29.9689 23.8050 
-13.7289 29.9578 23.8175 
-14.4790 29.7908 24.0683 
-14.6822 29.7539 24.1507 
-14.8268 29.7202 24.2148 
-14.9132 29.6949 24.2446 
-15.1027 29.6294 24.3170 
-15.3519 29.5222 24.3792 
-15.6342 29.4056 24.4253 
-15.7336 29.3645 24.4473 
-15.7783 29.3437 24.4578 
-16.0149 29.2417 24.5428 
-16.5420 29.0061 24.7023 
-16.5902 28.9814 24.7182 
-16.8294 28.8801 24.8759 
-17.0041 28.7985 24.9631 
-17.1030 28.7611 25.0447 
-17.1961 28.7095 25.1311 
-17.3499 28.6110 25.2257 
-17.4568 28.5175 25.3066 
-17.5815 28.3921 25.4533 
-17.6101 28.3453 25.4707 
-17.6494 28.3208 25.4848 
-17.8370 28.0831 25.5348 
-17.8618 28.0547 25.5428 
-17.9517 27.9058 25.5854 
-18.2963 27.3214 25.6698 
-18.3542 27.2255 25.6967 
-18.5320 26.8819 25.7896 
-18.6822 26.5928 25.8549 
-18.7554 26.3359 25.9047 
-18.7564 26.3222 25.9069 
-18.7756 26.0300 25.9547 
-18.7967 25.6993 26.0120 
-18.8180 25.4525 26.0310 
-18.8179 25.3955 26.0336 
-18.8115 25.1677 26.0657 
-18.8076 24.6739 26.0995 
-18.8003 24.6142 26.1022 
-18.7693 24.3555 26.1107 
-18.7089 23.7353 26.0809 
-18.6950 23.6186 26.0840 
-18.6071 23.1673 26.0847 
-18.5397 22.8017 26.0747 
-18.5346 22.7806 26.0736 
-18.3951 22.1676 26.0239 
-18.3606 22.0004 26.0023 
-18.3215 21.8401 25.9787 
-18.2852 21.7005 25.9629 
-18.1931 21.3470 25.9229 
-18.0859 20.9004 25.8550 
-18.0778 20.8730 25.8536 
-18.0100 20.6364 25.8436 
-17.8238 19.9834 25.8147 
-17.8210 19.9735 25.8142 
-17.7658 19.8130 25.8169 
-17.5246 19.0871 25.8720 
-17.5180 19.0670 25.8736 
-17.3788 18.6550 25.9140 
-17.2037 18.1648 25.9885 
-17.1949 18.1371 25.9896 
-16.9630 17.4899 26.0107 
-16.8799 17.2579 26.0184 
-16.8780 17.2536 26.0184 
-16.6060 16.6207 26.0033 
-16.5111 16.3965 25.9934 
-16.4935 16.3620 25.9911 
-16.1783 15.7458 25.9524 
-16.0489 15.4804 25.9184 
-16.0430 15.4693 25.9183 
-15.8686 15.1839 25.9087 
-15.4880 14.6039 25.9559 
-15.4771 14.5744 25.9559 
-15.4761 14.5728 25.9558 
-15.4680 14.5607 25.9553 
-15.4268 14.5035 25.9520 
-15.1075 14.0112 25.9093 
-15.0218 13.8724 25.8829 
-14.9883 13.8154 25.8730 
-14.9482 13.7487 25.8630 
-14.8198 13.5336 25.8311 
-14.4996 12.9613 25.7753 
-14.4970 12.9560 25.7753 
-14.0175 12.1050 25.7235 
-13.9953 12.0818 25.7199 
-13.9844 12.0646 25.7201 
-13.9651 12.0371 25.7231 
-13.8659 11.9155 25.7400 
-13.4698 11.3275 25.8006 
-13.4012 11.2428 25.8239 
-13.1291 10.8876 25.9252 
-13.1276 10.8868 25.9250 
-12.8323 10.4638 25.9505 
-12.8286 10.4585 25.9508 
-12.5235 10.0385 26.0025 
-12.2904 9.7003 26.0174 
-12.2746 9.6814 26.0173 
-12.1383 9.4898 26.0608 
-11.5618 8.9700 26.3634 
-11.5229 8.9476 26.3729 
-11.4902 8.9142 26.3853 
-11.4827 8.9067 26.3884 
-11.4773 8.9018 26.3921 
-11.3728 8.7818 26.4760 
-11.1063 8.5306 26.6585 
-11.0684 8.4871 26.6885 
-11.0217 8.4136 26.7094 
-10.6902 8.0373 26.7867 
-10.5791 7.9041 26.7982 
-10.4975 7.8119 26.8068 
-10.0613 7.3200 26.8446 
-10.0358 7.2915 26.8448 
-9.9797 7.2282 26.8453 
-9.7784 7.0010 26.8454 
-9.5016 6.6890 26.8392 
-9.4177 6.5943 26.8391 
-9.3779 6.5474 26.8390 
-9.0335 6.1432 26.8195 
-9.0316 6.1409 26.8194 
-8.8447 5.9078 26.8144 
-8.6576 5.6889 26.7346 
-8.5677 5.5818 26.6956 
-8.5453 5.5551 26.6859 
-8.4872 5.5560 26.6835 
-8.4321 5.5293 26.6363 
-8.0617 5.1608 26.2828 
-8.0145 5.1114 26.2373 
-7.9366 5.0288 26.0815 
-7.8806 4.9920 25.9780 
-7.7751 4.9489 25.8049 
-7.6973 4.8904 25.6119 
-7.6336 4.8835 25.4826 
-7.5197 4.8515 25.3566 
-7.1025 4.7240 24.9511 
-6.9186 4.7607 24.8065 
-6.8091 4.7744 24.7936 
-6.1244 4.6312 24.5486 
-5.6961 4.3945 24.6170 
-5.6149 4.3497 24.6549 
-5.1455 4.0647 24.8707 
-5.0563 3.9948 24.9118 
-4.7062 3.7838 25.0461 
-4.6474 3.7433 25.0682 
-4.3684 3.5439 25.2047 
-4.3631 3.5334 25.2069 
-4.0627 3.3192 25.2893 
-3.9648 3.2649 25.3594 
-3.9286 3.2431 25.3857 
-3.7818 3.1620 25.4900 
-3.3721 2.9163 25.7258 
-3.3330 2.8924 25.7578 
-3.1264 2.7833 25.9244 
-3.0044 2.7162 26.0381 
-2.8823 2.6602 26.1507 
-2.7016 2.5767 26.3206 
-2.5221 2.5001 26.4585 
-2.2360 2.3774 26.6767 
-2.1983 2.3619 26.7025 
-2.0797 2.3077 26.7832 
-1.5829 2.0825 27.1147 
-1.5478 2.0653 27.1432 
-1.4880 2.0301 27.1919 
-1.2059 1.8870 27.3260 
-1.1509 1.8496 27.3524 
-0.9801 1.7313 27.4519 
-0.5962 1.4757 27.5881 
-0.5887 1.4699 27.5909 
-0.3881 1.3140 27.6946 
-0.1257 1.1100 27.8514 
-0.0361 1.0325 27.9072 
0.0573 0.9518 27.9674 
0.0932 0.9205 27.9907 
0.1824 0.8428 28.0494 
0.5174 0.5429 28.1916 
0.5229 0.5395 28.1934 
0.7861 0.3699 28.2706 
0.8150 0.3619 28.2758 
1.0059 0.2899 28.3354 
1.0692 0.3587 28.5125 
1.2384 0.3933 28.6528 
1.1727 0.5098 28.7905 
1.1698 0.5114 28.7960 
1.3105 0.5418 28.9128 
1.4263 0.5623 29.0091 
1.4340 0.5636 29.0152 
1.4456 0.5653 29.0235 
1.4613 0.5730 29.0297 
1.6914 0.5845 29.1373 
2.2602 0.5319 29.4496 
2.2772 0.5259 29.4514 
2.3192 0.5121 29.4553 
2.2813 0.5197 29.4743 
2.5723 0.5171 29.6852 
2.6099 0.5170 29.7123 
2.6679 0.5248 29.7830 
3.2139 0.5704 30.0556 
3.3735 0.6152 29.9202 
3.7928 0.5892 29.9290 
4.1561 0.4757 29.9719 
4.3067 0.4302 29.9814 
4.5667 0.4269 29.9794 
5.0417 0.5379 30.0218 
5.0664 0.5574 30.0306 
5.2606 0.6966 30.1188 
5.4878 0.7477 30.2388 
5.7340 0.7173 30.2552 
5.9078 0.6994 30.2121 
6.0952 0.7085 30.1596 
6.2724 0.7176 30.1147 
6.3372 0.7177 30.0685 
6.6077 0.7614 29.8721 
6.6113 0.7508 29.8705 
6.6561 0.6175 29.8491 
7.0920 0.8706 29.7676 
7.1762 0.8899 29.7530 
7.1796 0.8905 29.7521 
7.2894 0.9246 29.7238 
7.9150 1.1181 29.5633 
7.9350 1.1243 29.5558 
8.0424 1.1727 29.5134 
8.2548 1.2692 29.4169 
8.3555 1.3354 29.3693 
8.6989 1.5728 29.1453 
8.7305 1.5945 29.1253 
8.8579 1.7004 29.0436 
9.0948 1.9092 28.8518 
9.2692 2.0612 28.7162 
9.3526 2.1363 28.6426 
9.3722 2.1567 28.6249 
9.6926 2.5046 28.2886 
9.6994 2.5132 28.2811 
9.7676 2.5935 28.2196 
9.8788 2.7241 28.1196 
9.9263 2.7868 28.0754 
10.2189 3.1578 27.8409 
10.4046 3.4027 27.6837 
10.5596 3.6032 27.5623 
10.6833 3.7556 27.4668 
10.6887 3.7622 27.4627 
10.6923 3.7666 27.4600 
10.7061 3.7835 27.4497 
11.1531 4.2889 27.1202 
11.1983 4.3377 27.0873 
11.3510 4.4958 26.9978 
11.5338 4.6901 26.8744 
11.6751 4.8431 26.7701 
11.7090 4.8781 26.7453 
12.0066 5.1961 26.4954 
12.0217 5.2118 26.4842 
12.1343 5.3247 26.4010 
12.2477 5.4418 26.3026 
12.2761 5.4697 26.2834 
12.3713 5.5657 26.2187 
12.7316 5.9286 25.9728 
12.7804 5.9796 25.9391 
13.0824 6.2836 25.7932 
13.1988 6.4018 25.7315 
13.2645 6.4671 25.7042 
13.2883 6.4910 25.6942 
13.5256 6.7308 25.5869 
13.7614 6.9714 25.4551 
13.8097 7.0247 25.4269 
13.9718 7.2022 25.3635 
14.2383 7.4955 25.2237 
14.3225 7.5876 25.1932 
14.4090 7.6837 25.1618 
14.5588 7.8512 25.0946 
14.5916 7.8892 25.0796 
15.0428 8.4129 24.9976 
15.1491 8.5363 24.9781 
15.2148 8.6144 24.9656 
15.5174 8.9819 24.9259 
15.8678 9.3893 24.8587 
15.9489 9.4891 24.8118 
16.1364 9.7550 24.6984 
16.2172 9.8690 24.6516 
16.2350 9.8860 24.6423 
16.2476 9.8419 24.6216 
16.2578 9.8315 24.6205 
16.2651 9.8374 24.6226 
16.5423 10.1849 24.4939 
16.6144 10.2921 24.4516 
16.7401 10.5634 24.5028 
16.9172 10.8907 24.4933 
17.0434 11.1246 24.4866 
17.2197 11.4539 24.4837 
17.3238 11.6652 24.4803 
17.6119 12.2521 24.4777 
17.7116 12.4587 24.4846 
17.9339 12.9154 24.5002 
18.0953 13.2475 24.5122 
18.1765 13.4022 24.5189 
18.5498 14.1232 24.5752 
18.6862 14.3845 24.5885 
18.8283 14.6174 24.6030 
19.1992 15.2268 24.6433 
19.3651 15.4977 24.6528 
19.6606 15.8855 24.6720 
19.8714 16.1627 24.6887 
20.0194 16.3564 24.6937 
20.1543 16.4886 24.6993 
20.5375 16.8639 24.7060 
20.5434 16.8686 24.7061 
21.0870 17.2731 24.6599 
21.1377 17.3206 24.6509 
21.1660 17.3398 24.6330 
21.1694 17.3415 24.6310 
21.3017 17.4158 24.6100 
21.6478 17.6020 24.5160 
21.6520 17.6038 24.5149 
21.9486 17.7495 24.5015 
22.2841 17.9128 24.4769 
22.3660 17.9524 24.4709 
22.5488 18.0437 24.4718 
23.0957 18.3129 24.4555 
23.1927 18.3655 24.4519 
23.4617 18.5157 24.4639 
23.5540 18.5780 24.4667 
23.9095 18.8139 24.4481 
24.0566 18.9277 24.4393 
24.7249 19.4448 24.4354 
24.7820 19.4889 24.4309 
24.8334 19.5285 24.4248 
24.8384 19.5340 24.4241 
25.0076 19.7176 24.4054 
25.1395 19.9305 24.3905 
25.2315 20.0801 24.3745 
25.3741 20.3601 24.3491 
25.5050 20.6213 24.3116 
25.6696 20.9434 24.2648 
25.6896 20.9826 24.2594 
25.7000 21.0031 24.2555 
26.1681 21.8272 24.0917 
26.2248 21.9274 24.0700 
26.2763 22.0063 24.0518 
26.6074 22.5139 23.9275 
26.7811 22.7838 23.8425 
26.7905 22.7949 23.8383 
26.9948 23.0387 23.7368 
27.0335 23.0851 23.7145 
27.2571 23.3363 23.5892 
27.3756 23.4776 23.4560 
27.3943 23.4986 23.4385 
27.5735 23.6384 23.3121 
27.6604 23.7016 23.2387 
27.7012 23.7490 23.1925 
27.7699 23.8384 23.0875 
28.0147 24.0542 22.6621 
28.0545 24.0849 22.5709 
28.1523 24.2129 22.2422 
28.2047 24.2467 21.9942 
28.2171 24.2512 21.9281 
28.2295 24.2647 21.7770 
28.2805 24.3580 21.2585 
28.2819 24.3587 21.2403 
28.2603 24.3746 20.9813 
28.2367 24.3655 20.7491 
28.1853 24.3656 20.5698 
28.0160 24.3586 20.0504 
27.9840 24.3299 19.9168 
27.9549 24.3056 19.8474 
27.8830 24.2789 19.7404 
27.6713 24.1852 19.4432 
27.4960 24.1208 19.2214 
27.0786 24.1015 18.6076 
27.0302 24.0852 18.5454 
26.9742 24.0683 18.4797 
26.7298 24.0164 18.1603 
26.3912 23.9220 17.8024 
26.3726 23.9095 17.7566 
26.3503 23.9171 17.7208 
26.1196 23.9849 17.2969 
26.1171 23.9870 17.2911 
26.1099 23.9908 17.2935 
25.8874 24.0173 16.9620 
25.8463 23.9905 16.8737 
25.8372 23.9872 16.8603 
25.5874 23.8935 16.4692 
25.5377 23.8607 16.3922 
25.5244 23.8405 16.3447 
25.4048 23.8266 15.9821 
25.3951 23.8612 15.8962 
25.3583 23.8866 15.8303 
25.2024 24.0851 15.4404 
25.1908 24.1420 15.3897 
25.0393 24.4684 15.1056 
24.9403 24.6021 14.9767 
24.9392 24.6040 14.9749 
24.9297 24.6499 14.9323 
24.7830 24.7874 14.6810 
24.7193 24.8217 14.6200 
24.6572 24.8314 14.5524 
24.0753 24.8669 14.2349 
24.0689 24.8696 14.2183 
24.0330 24.8841 14.1276 
23.4450 25.2320 14.1088 
23.4404 25.2348 14.1086 
23.4356 25.2272 14.1648 
23.3741 25.2696 14.1709 
22.8869 25.5686 14.1365 
22.8492 25.5787 14.1334 
22.3714 25.7029 14.1444 
22.2187 25.7271 14.1456 
21.9186 25.7738 14.1522 
21.6401 25.8520 14.1679 
21.5890 25.8785 14.1743 
20.9975 26.1859 14.2481 
20.8502 26.2512 14.2559 
20.8357 26.2558 14.2567 
20.6322 26.3247 14.2449 
20.4690 26.3845 14.2126 
20.4304 26.3948 14.2041 
20.3353 26.4032 14.1800 
20.1742 26.4054 14.1368 
19.6267 26.4249 13.9435 
19.5599 26.4470 13.9252 
18.9468 26.6592 13.7273 
18.8921 26.6862 13.6846 
18.8665 26.7002 13.6618 
18.3667 26.9435 13.5834 
18.2863 27.0135 13.6132 
18.2318 27.0636 13.6304 
17.8330 27.3646 13.6114 
17.6663 27.4776 13.5830 
17.6603 27.4807 13.5825 
17.5074 27.5620 13.5749 
17.1410 27.7347 13.5563 
17.1308 27.7394 13.5565 
16.5689 28.0189 13.5786 
16.5297 28.0260 13.5684 
16.5050 28.0376 13.5511 
15.9046 28.2025 13.5344 
15.7934 28.2841 13.5910 
15.4996 28.4992 13.7410 
15.4860 28.5042 13.7540 
15.2796 28.6030 13.8229 
% end
