% Curve 1: 581754, Curve; 
% Length=66.1584; NumberOfSegments=320; FullyAttached=Yes; Closed=Yes; 
% Units: mm
% begin
-5.9087 37.2753 16.6115 
-5.9878 37.3176 16.7259 
-6.0263 37.3326 16.7945 
-6.0270 37.3331 16.7958 
-6.2487 37.5073 17.2337 
-6.2708 37.5276 17.2751 
-6.3747 37.6057 17.4829 
-6.4433 37.6734 17.6598 
-6.4552 37.6831 17.6913 
-6.4704 37.6960 17.7308 
-6.5535 37.7661 17.9483 
-6.7690 37.8974 18.3253 
-6.8359 37.9065 18.4457 
-6.9801 37.9200 18.6453 
-7.0712 37.9317 18.7699 
-7.2549 37.8846 19.0490 
-7.4224 37.8487 19.3936 
-7.4952 37.7542 19.5766 
-7.5166 37.7384 19.6254 
-7.7215 37.6317 19.9224 
-7.7590 37.6080 19.9882 
-7.7856 37.5577 20.0207 
-7.8517 37.4737 20.0668 
-7.8553 37.4697 20.0688 
-7.9306 37.3971 20.1213 
-7.9846 37.2111 20.2039 
-8.3427 36.8898 20.3063 
-8.3912 36.8520 20.3174 
-8.5282 36.7749 20.4256 
-8.5425 36.7716 20.4324 
-8.7940 36.6116 20.5993 
-9.0150 36.4003 20.7784 
-9.1245 36.3333 21.0697 
-9.1350 36.3273 21.1005 
-9.3142 36.2634 21.5355 
-9.3365 36.2565 21.5921 
-9.3420 36.2533 21.6097 
-9.4342 36.1838 21.8394 
-9.4445 36.1689 21.8789 
-9.4718 36.1427 21.9337 
-9.5962 35.9282 22.2447 
-9.6178 35.8921 22.2781 
-9.6966 35.6851 22.4552 
-9.7168 35.6003 22.5144 
-9.7597 35.4882 22.5608 
-9.7840 35.4297 22.5856 
-9.9001 35.1106 22.7976 
-9.9172 35.0690 22.8263 
-10.0108 34.8688 22.9318 
-10.0494 34.7495 23.0464 
-10.1049 34.6349 23.1737 
-10.1553 34.5344 23.2800 
-10.2154 34.4517 23.3844 
-10.2586 34.3989 23.4369 
-10.2904 34.3579 23.4830 
-10.3284 34.3137 23.5219 
-10.4676 34.1858 23.6564 
-10.5191 34.1361 23.7154 
-10.6172 34.0449 23.8267 
-10.8890 33.7884 24.1521 
-10.8933 33.7839 24.1596 
-10.9452 33.7072 24.2683 
-10.9623 33.6824 24.3026 
-10.9939 33.5867 24.3980 
-10.9989 33.5135 24.5102 
-10.9816 33.3808 24.6717 
-10.9562 33.0784 25.0171 
-10.9523 33.0657 25.0277 
-10.8504 32.8898 25.2267 
-10.6420 32.6325 25.3962 
-10.5412 32.5049 25.4787 
-10.3370 32.2696 25.5918 
-10.0555 31.8632 25.7451 
-9.9690 31.7293 25.7920 
-9.6525 31.2646 25.9336 
-9.6277 31.1501 25.9597 
-9.6183 31.1415 25.9567 
-9.5207 31.0586 25.9298 
-9.4408 30.9331 25.8640 
-9.4254 30.9006 25.8643 
-9.3210 30.4898 25.8107 
-9.3398 30.3696 25.8047 
-9.2805 30.2022 25.7520 
-9.2710 30.1719 25.7434 
-9.1136 29.7098 25.6212 
-9.1090 29.6904 25.6174 
-9.0921 29.6349 25.6013 
-9.0908 29.6304 25.6000 
-9.0897 29.6265 25.5990 
-8.9202 29.0422 25.4391 
-8.8924 28.9944 25.4361 
-8.8719 28.9515 25.4373 
-8.6815 28.5213 25.4039 
-8.6487 28.3889 25.3926 
-8.6230 28.3475 25.3824 
-8.5898 28.1565 25.3067 
-8.5885 28.1419 25.3020 
-8.4977 27.3530 25.0674 
-8.4903 27.3025 25.0540 
-8.4888 27.2886 25.0508 
-8.4883 27.1500 25.0099 
-8.4902 27.1264 25.0056 
-8.5079 26.7685 24.8858 
-8.5085 26.7506 24.8789 
-8.4965 26.6826 24.8598 
-8.4973 26.5448 24.8084 
-8.5277 25.9681 24.5567 
-8.5335 25.8333 24.5272 
-8.5166 25.7121 24.4686 
-8.3069 25.0284 24.3416 
-8.2706 24.9152 24.3198 
-8.2371 24.8571 24.3223 
-8.2161 24.8259 24.3214 
-8.0436 24.5608 24.3089 
-7.8948 24.3311 24.2984 
-7.6688 24.0822 24.3087 
-7.4747 23.9267 24.3341 
-7.3143 23.7868 24.3617 
-7.0162 23.5713 24.4565 
-6.9758 23.5522 24.4607 
-6.8617 23.5156 24.4908 
-6.6244 23.4519 24.5828 
-6.2993 23.4246 24.7314 
-6.2639 23.4235 24.7454 
-5.8431 23.4080 24.9095 
-5.7977 23.4094 24.9305 
-5.7582 23.4129 24.9462 
-5.4966 23.4359 25.0499 
-5.3301 23.4467 25.1116 
-5.3263 23.4470 25.1131 
-4.8311 23.5016 25.2994 
-4.7730 23.5065 25.3195 
-4.7258 23.5110 25.3355 
-4.3360 23.5438 25.4629 
-4.3187 23.5468 25.4681 
-4.2926 23.5537 25.4699 
-3.7305 23.5982 25.6038 
-3.5252 23.5785 25.6208 
-3.5142 23.5775 25.6218 
-3.0803 23.5580 25.6714 
-3.0318 23.5496 25.6740 
-2.9868 23.5377 25.6745 
-2.9495 23.5274 25.6756 
-2.2644 23.4084 25.7182 
-2.2230 23.3984 25.7198 
-1.7522 23.2828 25.7448 
-1.5633 23.2329 25.7537 
-1.5578 23.2326 25.7544 
-1.5130 23.2295 25.7614 
-1.1968 23.1331 25.7950 
-1.1456 23.1170 25.8035 
-0.5325 23.0091 25.9116 
-0.4125 22.9987 25.9336 
-0.3736 22.9951 25.9442 
-0.1741 23.0081 25.9938 
0.3423 22.9364 26.1367 
0.4661 22.9443 26.1676 
0.7840 22.9583 26.2265 
1.0278 22.9681 26.2720 
1.1206 22.9718 26.2891 
1.4475 23.0101 26.3396 
1.4983 23.0146 26.3442 
2.0676 23.1171 26.3726 
2.1553 23.1297 26.3785 
2.3104 23.1441 26.3739 
2.5782 23.1632 26.3690 
2.6910 23.1748 26.3744 
3.1892 23.3451 26.2398 
3.3091 23.3677 26.2239 
3.4432 23.3776 26.1915 
3.5277 23.3945 26.1609 
3.7377 23.4285 26.0732 
4.1197 23.3778 25.9785 
4.1607 23.3712 25.9652 
4.6512 23.5056 25.7915 
4.8714 23.5096 25.7171 
5.1870 23.5789 25.6308 
5.4982 23.5633 25.5574 
5.5964 23.5620 25.5414 
6.0276 23.5626 25.4681 
6.0404 23.5622 25.4662 
6.3333 23.5524 25.4222 
6.4527 23.5884 25.4535 
6.4677 23.7091 25.4445 
6.4694 23.7161 25.4427 
6.5078 23.7919 25.4286 
6.5320 23.8794 25.4075 
6.5149 23.9828 25.3718 
6.4828 24.4208 25.4437 
6.4753 24.5240 25.4605 
6.4553 24.6561 25.4837 
6.3816 24.9145 25.5345 
6.3661 24.9680 25.5413 
6.3206 25.0264 25.5552 
6.2965 25.0748 25.5635 
6.2829 25.1020 25.5684 
6.0757 25.6579 25.6393 
6.0721 25.7112 25.6396 
6.0511 25.8594 25.6171 
6.0496 25.8689 25.6151 
5.9506 26.1781 25.5573 
5.9258 26.3303 25.5469 
5.9217 26.5439 25.4807 
5.9207 26.6694 25.4435 
5.9213 26.7383 25.4221 
5.9366 26.8791 25.3965 
6.0485 27.2095 25.2766 
6.0576 27.2358 25.2670 
6.0635 27.2447 25.2614 
6.0922 27.2813 25.2353 
6.4113 27.6588 25.0035 
6.5214 27.7668 24.9231 
6.6378 27.9152 24.8140 
6.7389 28.0317 24.7196 
6.7737 28.0752 24.6804 
6.9520 28.2735 24.4830 
7.0678 28.3840 24.3573 
7.1001 28.4120 24.3225 
7.3490 28.6634 23.9531 
7.3860 28.6966 23.8992 
7.4238 28.7404 23.8416 
7.5309 28.8521 23.6816 
7.6814 29.0788 23.2638 
7.6845 29.0845 23.2545 
7.7086 29.2693 22.8569 
7.7235 29.3828 22.6120 
7.7175 29.3992 22.5667 
7.6905 29.5051 22.0845 
7.6867 29.5364 21.8748 
7.6820 29.5391 21.8413 
7.6327 29.5465 21.3646 
7.6282 29.5432 21.2932 
7.5870 29.5147 21.0056 
7.5374 29.5018 20.7274 
7.5372 29.5018 20.7260 
7.4306 29.4731 20.2684 
7.4299 29.4730 20.2655 
7.3554 29.4449 19.9727 
7.3579 29.4472 19.9622 
7.3055 29.3835 19.6244 
7.2693 29.3779 19.4909 
7.2485 29.3740 19.4179 
7.1254 29.3141 18.8878 
7.1186 29.3108 18.8608 
7.0291 29.3073 18.5985 
6.9410 29.3195 18.3774 
6.6961 29.3611 17.7394 
6.6773 29.3705 17.7140 
6.6606 29.3787 17.6916 
6.1884 29.6112 17.0584 
6.1515 29.6294 17.0089 
6.1331 29.6385 16.9842 
5.7093 29.8616 16.5557 
5.5097 30.0514 16.4617 
5.3578 30.1917 16.3933 
5.2736 30.2593 16.3440 
5.2361 30.2998 16.3338 
4.9556 30.4856 16.3126 
4.9022 30.5083 16.3146 
4.5744 30.7104 16.1848 
4.4615 30.7949 16.1461 
4.3157 30.8936 16.1182 
3.9377 31.0715 16.0095 
3.7792 31.1394 15.9715 
3.6285 31.2318 15.9565 
3.3761 31.3740 15.9436 
3.1166 31.4905 15.8986 
3.0498 31.5268 15.8830 
2.7869 31.7002 15.8666 
2.7349 31.7349 15.8504 
2.6452 31.7844 15.8321 
2.3298 31.9383 15.7494 
2.2842 31.9624 15.7359 
2.1198 32.0203 15.6578 
1.8070 32.1235 15.5022 
1.7564 32.1514 15.4884 
1.3157 32.3976 15.3660 
1.2630 32.4218 15.3454 
1.2449 32.4303 15.3385 
1.2138 32.4593 15.3158 
0.6498 32.7293 15.2072 
0.5892 32.7513 15.1995 
0.4225 32.8295 15.1603 
0.3966 32.8481 15.1615 
0.1233 33.0439 15.1401 
0.0205 33.1253 15.1270 
-0.2796 33.3271 15.1022 
-0.2976 33.3421 15.1033 
-0.4453 33.4240 15.1254 
-0.9602 33.7574 15.1432 
-0.9925 33.7801 15.1486 
-1.2392 33.9684 15.1813 
-1.7284 34.3663 15.2566 
-1.7378 34.3656 15.2645 
-1.8717 34.4837 15.2889 
-1.8796 34.4901 15.2907 
-2.2422 34.8009 15.3603 
-2.2585 34.8130 15.3519 
-2.2899 34.8270 15.3538 
-2.4954 34.9184 15.3663 
-2.5980 34.9629 15.3747 
-3.1378 35.1161 15.4542 
-3.2003 35.1639 15.4740 
-3.6933 35.5427 15.6248 
-3.8107 35.6325 15.6605 
-3.8506 35.6626 15.6739 
-3.9213 35.8114 15.7399 
-3.9854 35.8906 15.7735 
-3.9930 35.9025 15.7871 
-4.3993 36.2525 15.8787 
-4.4268 36.2753 15.8882 
-4.5937 36.4055 15.9253 
-4.6889 36.4711 15.9481 
-4.9653 36.6633 16.0181 
-5.2205 36.8353 16.0840 
-5.3363 36.9146 16.1168 
-5.6175 37.0354 16.2188 
-5.6431 37.0458 16.2283 
-5.7050 37.0888 16.2845 
-5.7246 37.1005 16.3028 
-5.9087 37.2753 16.6115 
% end
