% Curve 1: 585033, Curve; 
% Length=123.611; NumberOfSegments=459; FullyAttached=Yes; Closed=Yes; 
% Units: mm
% begin
9.6476 34.2875 15.8381 
9.8932 34.2096 15.8554 
10.6439 33.9391 15.8505 
10.6938 33.9239 15.8550 
11.3876 33.7345 15.9067 
11.6190 33.6441 15.9066 
11.6515 33.6359 15.9035 
11.9121 33.6118 15.9422 
12.8047 33.4845 16.0062 
12.9003 33.4754 16.0199 
13.6879 33.4285 16.1162 
14.1631 33.3959 16.1661 
14.3710 33.3860 16.1960 
15.1813 33.3658 16.3031 
15.2006 33.3614 16.3077 
15.5294 33.3394 16.3350 
15.5611 33.3375 16.3374 
15.6843 33.3369 16.3543 
16.3737 33.3455 16.4619 
17.0105 33.3238 16.5894 
17.1740 33.3318 16.6386 
17.2512 33.3261 16.6696 
17.6891 33.2915 16.8418 
18.3677 33.1533 17.1768 
18.4813 33.1381 17.2473 
18.5217 33.1327 17.2725 
18.8683 33.0423 17.5188 
18.9696 33.0351 17.5778 
19.6525 32.8776 18.0123 
19.7009 32.8664 18.0429 
19.7757 32.8511 18.0892 
20.5229 32.6170 18.7233 
20.6341 32.5802 18.8170 
20.6425 32.5777 18.8256 
20.6461 32.5763 18.8293 
20.7976 32.5235 18.9764 
21.2683 32.3256 19.4339 
21.2784 32.3191 19.4442 
21.3901 32.2451 19.5702 
21.7921 31.9769 20.0316 
21.8379 31.9315 20.0877 
22.0088 31.7179 20.4207 
22.0914 31.6138 20.5835 
22.2675 31.1888 21.0109 
22.2884 31.1460 21.0587 
22.3023 31.1202 21.0988 
22.3068 31.0793 21.1597 
22.3594 30.4550 21.7156 
22.3300 30.3698 21.7992 
22.2047 30.0248 22.0672 
22.1497 29.8492 22.2005 
22.1406 29.8215 22.2164 
21.9688 29.2787 22.5045 
21.9156 29.0806 22.6211 
21.9263 29.0187 22.6561 
21.9262 29.0069 22.6589 
21.8796 28.8317 22.7141 
21.7918 28.1833 22.9111 
21.7749 28.0854 22.9285 
21.7064 27.4083 23.0292 
21.6593 27.2435 23.0659 
21.5660 26.9634 23.0972 
21.4058 26.2186 23.1320 
21.3417 26.0995 23.1589 
21.0726 25.6205 23.2528 
20.9901 25.4216 23.2701 
20.9807 25.4001 23.2714 
20.6857 24.6692 23.2950 
20.6498 24.5387 23.2841 
20.6299 24.4696 23.2773 
20.4549 23.9449 23.2501 
20.4514 23.9346 23.2496 
20.3045 23.2506 23.1258 
20.2762 23.1467 23.1130 
20.2599 23.0844 23.1062 
20.1889 22.7859 23.0672 
20.0633 22.1947 22.9773 
20.0467 22.1117 22.9661 
19.9378 21.5870 22.8976 
19.9340 21.5671 22.8953 
19.8838 21.3408 22.8743 
19.8103 20.9729 22.8339 
19.8032 20.9342 22.8304 
19.7120 20.5134 22.8041 
19.6814 20.3551 22.7910 
19.6616 20.2453 22.7834 
19.5562 19.6816 22.7480 
19.5500 19.6467 22.7454 
19.5467 19.6279 22.7439 
19.5343 19.5529 22.7371 
19.4457 19.0711 22.7023 
19.4396 19.0402 22.6997 
19.3681 18.6853 22.6722 
19.3591 18.6420 22.6685 
19.2985 18.3877 22.6541 
19.2418 18.1805 22.6500 
19.1803 17.9369 22.6495 
19.1381 17.8010 22.6580 
19.1096 17.7278 22.6690 
19.0647 17.5860 22.6981 
18.9545 17.2661 22.7740 
18.9295 17.2037 22.7931 
18.8640 17.0114 22.8615 
18.7753 16.7440 22.9538 
18.7658 16.7106 22.9665 
18.6770 16.3806 23.0859 
18.6689 16.3497 23.0969 
18.6274 16.1961 23.1507 
18.5792 15.9080 23.2163 
18.5484 15.7738 23.2395 
18.5115 15.6097 23.2672 
18.5093 15.6022 23.2680 
18.4074 15.1587 23.2861 
18.3695 15.0002 23.2943 
18.3624 14.9691 23.2961 
18.3475 14.8824 23.2961 
18.1725 14.2332 23.3557 
18.1524 14.1687 23.3641 
18.1123 14.0035 23.3995 
18.0013 13.6874 23.4917 
17.9769 13.5969 23.5311 
17.8397 13.1723 23.7065 
17.7977 13.1160 23.7705 
17.6362 12.9047 23.9935 
17.5929 12.8375 24.0591 
17.5570 12.8115 24.0971 
17.4866 12.7597 24.1659 
17.3296 12.6337 24.3477 
17.3036 12.6125 24.3976 
17.1172 12.5932 24.6312 
17.0397 12.6195 24.6962 
16.7755 12.6926 24.8939 
16.7081 12.7225 24.9028 
16.6486 12.7707 24.9242 
16.5433 12.8872 25.0118 
16.4884 12.9367 25.0499 
16.4730 12.9515 25.0631 
16.4343 13.0066 25.0983 
16.2389 13.2809 25.2751 
16.2119 13.3293 25.3009 
16.0024 13.6708 25.4534 
15.9977 13.6773 25.4557 
15.9955 13.6813 25.4569 
15.7283 14.1067 25.5918 
15.6989 14.1790 25.6064 
15.4948 14.6496 25.6750 
15.4435 14.8451 25.6910 
15.3827 15.0952 25.7300 
15.3612 15.3996 25.7608 
15.3589 15.5014 25.7857 
15.3639 15.6146 25.8364 
15.3608 15.6521 25.8546 
15.3537 15.7110 25.8839 
15.3523 15.7212 25.8879 
15.3381 15.7871 25.9150 
15.2785 16.0664 26.0349 
15.2669 16.1324 26.0622 
15.2382 16.3194 26.1559 
15.0471 16.7541 26.3518 
15.0405 16.7695 26.3593 
14.9809 16.9112 26.4321 
14.8365 17.1334 26.5292 
14.8249 17.1458 26.5349 
14.6573 17.3516 26.5814 
14.5258 17.5384 26.6292 
14.5190 17.5488 26.6312 
14.3075 17.8777 26.6924 
14.2224 18.0293 26.7000 
14.1925 18.0991 26.7216 
14.1959 18.1618 26.7679 
14.2125 18.2993 26.8187 
14.2091 18.3202 26.8251 
14.2042 18.3468 26.8368 
14.1473 18.4826 26.8843 
14.1222 18.4442 26.9273 
14.1779 18.2953 26.8997 
14.2168 17.9780 26.9569 
14.0872 18.2954 27.0718 
13.8879 18.5429 27.2300 
13.8236 18.7276 27.5478 
13.6836 19.0373 27.6234 
13.6153 19.0655 27.5961 
13.4272 19.2351 27.9792 
13.4230 19.2382 27.9889 
13.4146 19.2456 27.9973 
13.4105 19.2500 28.0042 
13.1328 19.5743 28.5711 
13.1015 19.6293 28.6442 
13.0661 19.6857 28.7140 
12.8241 20.0183 29.1648 
12.7877 20.0972 29.2472 
12.7093 20.2343 29.3610 
12.5402 20.4738 29.5849 
12.5265 20.5078 29.6087 
12.3448 20.9447 29.9030 
12.3334 21.0275 30.0151 
12.2424 21.1329 30.0815 
12.1096 21.5156 30.1328 
11.8276 22.2280 30.2823 
11.8099 22.5143 30.2949 
11.7587 23.5294 30.3699 
11.7570 23.5633 30.3700 
11.7666 23.6086 30.3817 
11.7755 23.6364 30.3968 
11.7370 24.3794 30.3581 
11.6684 24.9645 30.3144 
11.6551 25.0463 30.3153 
11.6294 25.3916 30.3075 
11.5334 26.1039 30.3358 
11.5180 26.1569 30.3269 
11.2045 27.1744 30.4523 
11.1731 27.2707 30.4885 
11.1524 27.3130 30.4987 
11.1106 27.3867 30.5057 
11.0557 27.5911 30.4744 
10.7361 28.2027 30.4900 
10.6661 28.3129 30.5250 
10.6059 28.4028 30.5522 
10.3308 28.8399 30.6540 
10.2700 28.9143 30.6957 
10.0779 29.0908 30.7874 
9.9616 29.2064 30.8316 
9.8290 29.2695 30.8481 
9.7571 29.2827 30.8466 
9.6286 29.3058 30.8595 
9.4417 29.2848 30.9196 
9.3292 29.2821 30.9247 
8.9083 29.2537 30.9159 
8.7435 29.1957 30.9157 
8.7323 29.1976 30.9144 
8.6053 29.2201 30.8993 
8.3816 29.1831 30.8772 
8.1195 29.1295 30.8352 
8.0060 29.1082 30.8156 
7.9820 29.1024 30.8096 
7.8254 29.0518 30.7736 
7.3781 28.8835 30.7294 
7.3687 28.8800 30.7285 
7.0154 28.7619 30.6721 
6.8810 28.7081 30.6691 
6.7906 28.6670 30.6276 
6.4136 28.5097 30.5858 
6.3729 28.4924 30.5812 
6.0507 28.3421 30.5677 
5.8352 28.2350 30.5686 
5.7522 28.1786 30.5917 
5.6344 28.0869 30.6186 
5.1368 27.8448 30.6006 
5.0628 27.8113 30.5956 
4.2840 27.4868 30.5753 
4.2808 27.4859 30.5758 
3.4503 27.1254 30.6097 
3.3596 27.0860 30.6133 
3.0614 26.9890 30.5513 
2.3686 26.6442 30.4838 
2.2461 26.6536 30.4535 
1.2693 26.7564 30.3214 
1.2573 26.7585 30.3233 
1.2255 26.7643 30.3221 
0.3754 26.7319 30.1364 
0.3014 26.7234 30.1157 
-0.1565 26.6631 29.9967 
-0.2190 26.6529 29.9829 
-0.8598 26.4930 29.7981 
-0.9795 26.4646 29.7615 
-0.9940 26.4606 29.7578 
-1.0292 26.4471 29.7460 
-1.1034 26.4178 29.7220 
-1.8098 26.1417 29.4891 
-2.0503 26.0164 29.3862 
-2.4168 25.8280 29.2258 
-2.8046 25.6362 29.0462 
-3.1377 25.4350 28.8621 
-3.3171 25.3361 28.7489 
-3.6439 25.1498 28.5516 
-3.9290 24.9515 28.3526 
-3.9909 24.9136 28.2978 
-4.0342 24.8843 28.2660 
-4.4893 24.5522 27.9175 
-4.5164 24.5320 27.8978 
-4.6435 24.4506 27.8133 
-4.9959 24.2329 27.5582 
-5.0375 24.2065 27.5295 
-5.3653 24.0514 27.3383 
-5.7211 23.8949 27.1055 
-5.8667 23.8336 27.0044 
-5.8869 23.8315 26.9953 
-5.9868 23.8305 26.9365 
-6.0145 23.8312 26.9187 
-6.3245 23.9986 26.8927 
-6.5321 24.1508 26.9187 
-6.7462 24.5302 26.8257 
-6.7726 24.6297 26.8073 
-6.7805 24.7334 26.8216 
-6.7807 24.7381 26.8222 
-6.7095 25.0010 27.0070 
-6.7095 25.0070 27.0124 
-6.7005 25.0612 27.0812 
-6.6117 25.2607 27.2659 
-6.5378 25.4078 27.4118 
-6.5354 25.4211 27.4327 
-6.5347 25.4356 27.4522 
-6.4828 25.6329 27.6335 
-6.4725 25.6510 27.6546 
-6.6330 25.8338 27.6573 
-6.7955 25.9452 27.6715 
-6.8026 25.9532 27.6712 
-7.2782 26.4265 27.5292 
-7.3089 26.4471 27.5009 
-7.3110 26.4491 27.4947 
-7.6758 26.8062 27.2940 
-7.8947 27.0206 27.1309 
-7.9690 27.2818 27.0216 
-8.0294 27.4644 26.9636 
-8.1458 27.7047 26.8653 
-8.2678 27.9400 26.7830 
-8.4016 28.3653 26.7330 
-8.4840 28.5355 26.6855 
-8.6734 28.8507 26.6255 
-8.8032 29.0840 26.6180 
-8.8524 29.1525 26.5980 
-9.1460 29.4873 26.5180 
-9.2587 29.6055 26.4706 
-9.2744 29.6241 26.4675 
-9.3181 29.6719 26.4594 
-9.6459 30.0127 26.3563 
-9.7182 30.0951 26.3648 
-9.8524 30.2164 26.3435 
-9.8928 30.2525 26.3367 
-9.9420 30.2902 26.3329 
-10.0968 30.4040 26.3163 
-10.1262 30.4224 26.3100 
-10.1368 30.4292 26.3075 
-10.3665 30.5919 26.2727 
-10.3796 30.6019 26.2704 
-10.4245 30.6363 26.2627 
-10.6883 30.8125 26.1905 
-10.7108 30.8295 26.1828 
-10.9926 31.0864 26.1259 
-11.0710 31.1597 26.1118 
-11.1312 31.2258 26.0944 
-11.5273 31.6452 25.9674 
-11.5361 31.6540 25.9641 
-11.5394 31.6575 25.9631 
-11.5447 31.6633 25.9616 
-11.6027 31.7324 25.9409 
-11.6627 31.7981 25.9225 
-12.0691 32.2813 25.7685 
-12.0749 32.2886 25.7668 
-12.0945 32.3183 25.7574 
-12.5947 33.0965 25.5333 
-12.6772 33.2437 25.5067 
-12.7499 33.4063 25.4672 
-12.9756 33.9046 25.3417 
-13.0122 33.9953 25.3256 
-13.2170 34.7165 25.1529 
-13.2737 34.8983 25.1002 
-13.2867 34.9409 25.0882 
-13.3653 35.3273 24.9614 
-13.5138 36.0859 24.7250 
-13.5516 36.2811 24.6652 
-13.5555 36.3187 24.6524 
-13.5935 36.6603 24.5288 
-13.7002 37.4445 24.1864 
-13.7033 37.4673 24.1763 
-13.7017 37.9894 23.9250 
-13.7042 38.2257 23.7959 
-13.6970 38.2566 23.7771 
-13.6184 38.6011 23.5512 
-13.5493 38.7400 23.4489 
-13.3087 39.2230 23.0858 
-13.2387 39.3640 22.9672 
-13.0586 39.6171 22.7344 
-12.8074 39.9694 22.4049 
-12.7949 39.9868 22.3861 
-12.3836 40.3908 21.8963 
-12.2376 40.5361 21.7298 
-12.2357 40.5376 21.7279 
-12.1000 40.6413 21.5949 
-11.5348 41.0572 21.0037 
-11.4772 41.1028 20.9514 
-11.0384 41.3903 20.6023 
-10.8738 41.4957 20.4671 
-10.8560 41.5057 20.4537 
-10.6072 41.6700 20.3151 
-10.1719 41.9098 19.9836 
-10.1062 41.9485 19.9385 
-9.5262 42.2458 19.5605 
-9.5002 42.2593 19.5453 
-9.4787 42.2687 19.5333 
-9.4422 42.2798 19.5142 
-9.0265 42.4726 19.2133 
-8.7724 42.5720 19.0290 
-8.4993 42.6673 18.9022 
-8.4552 42.6772 18.8818 
-8.0356 42.7736 18.6238 
-8.0292 42.7736 18.6200 
-7.7503 42.7635 18.4070 
-7.7226 42.7553 18.3872 
-7.1277 42.6618 18.1810 
-7.0494 42.6449 18.1215 
-7.0223 42.6379 18.1046 
-6.6230 42.4961 17.8817 
-6.2886 42.3732 17.6889 
-6.2726 42.3699 17.6836 
-6.2229 42.3584 17.6679 
-6.0726 42.3014 17.5912 
-5.3794 41.9848 17.2074 
-5.3532 41.9741 17.1940 
-5.0331 41.8315 17.0438 
-4.7046 41.6730 16.8793 
-4.6828 41.6612 16.8698 
-3.9941 41.3126 16.5897 
-3.9119 41.2712 16.5566 
-3.8822 41.2537 16.5477 
-3.7454 41.2012 16.5257 
-2.9080 40.8011 16.3399 
-2.7252 40.7606 16.3295 
-2.4310 40.6835 16.3337 
-1.8549 40.4835 16.3175 
-1.7575 40.4461 16.3216 
-0.9397 40.3076 16.4243 
-0.6225 40.2035 16.4321 
-0.4257 40.1470 16.4466 
-0.3648 40.1303 16.4482 
0.5800 39.9743 16.5051 
0.7423 39.9248 16.4899 
0.7770 39.9139 16.4915 
0.9597 39.8400 16.5292 
1.3998 39.5907 16.5370 
1.5514 39.4690 16.5096 
1.6111 39.4196 16.5074 
2.2039 38.8184 16.4371 
2.2811 38.6876 16.4362 
2.3172 38.6309 16.3911 
2.3383 38.6111 16.3893 
2.5929 38.4263 16.3368 
3.1274 38.0024 16.2080 
3.1800 37.9635 16.1931 
3.3749 37.8592 16.1782 
3.8668 37.5229 16.0672 
4.0050 37.4248 16.0380 
4.3509 37.2179 16.0116 
5.0248 36.7778 15.9153 
5.2227 36.6691 15.9122 
5.6356 36.4366 15.9092 
5.6570 36.4353 15.9027 
6.2016 36.0846 15.8575 
6.2652 36.0483 15.8563 
6.6376 35.8272 15.8532 
6.9161 35.6705 15.8649 
7.5548 35.3253 15.8845 
7.5854 35.3077 15.8835 
7.6019 35.2987 15.8835 
7.6122 35.2933 15.8835 
8.5552 34.7815 15.8331 
8.5621 34.7781 15.8326 
9.4610 34.3879 15.8465 
9.5814 34.3150 15.8453 
9.6476 34.2875 15.8381 
% end
