% Curve 1: 588308, Curve; 
% Length=79.5081; NumberOfSegments=272; FullyAttached=Yes; Closed=Yes; 
% Units: mm
% begin
-11.7313 29.0994 27.1316 
-11.7529 29.1578 27.1325 
-11.7578 29.1712 27.1328 
-11.9468 29.9847 27.0511 
-11.9512 30.0115 27.0510 
-11.9601 30.3144 27.0164 
-11.9940 30.9505 26.9229 
-11.9931 31.0173 26.9191 
-11.9376 31.4994 26.8588 
-11.9248 31.8403 26.7686 
-11.8650 32.3304 26.7010 
-11.8300 32.4856 26.6613 
-11.7942 32.6154 26.6554 
-11.6813 33.1456 26.5642 
-11.6646 33.3656 26.5173 
-11.6362 33.4590 26.4901 
-11.6114 33.5530 26.4438 
-11.5508 33.7638 26.3652 
-11.4639 33.8162 26.3294 
-11.3451 33.9414 26.1965 
-11.3271 33.9989 26.1724 
-11.3308 34.0366 26.1390 
-11.3004 34.0558 26.0725 
-11.2435 34.0977 25.4481 
-11.2670 34.1113 25.4395 
-11.2674 34.1111 25.4296 
-11.2644 34.1155 25.3767 
-11.2415 34.1216 25.2742 
-11.2145 34.1862 24.5415 
-11.2000 34.2030 24.4768 
-11.0971 34.3742 23.9331 
-11.0955 34.3791 23.9123 
-11.0648 34.4780 23.5072 
-11.0512 34.5288 23.3107 
-10.8572 34.7966 22.6430 
-10.8323 34.8086 22.5794 
-10.7987 34.8387 22.5205 
-10.5066 35.1625 21.9650 
-10.4911 35.1807 21.9307 
-10.4772 35.1958 21.9010 
-10.4382 35.2373 21.8378 
-10.1540 35.5415 21.3480 
-9.9162 35.7924 21.1798 
-9.8401 35.8741 21.1254 
-9.3999 36.3130 20.6338 
-9.2197 36.4925 20.4305 
-9.1495 36.5612 20.3460 
-9.1407 36.5866 20.3221 
-8.8589 36.7377 19.9974 
-8.7780 36.7500 19.9454 
-8.5097 36.7964 19.7796 
-8.3548 36.8017 19.6577 
-8.3266 36.8009 19.6376 
-8.0325 36.7807 19.4416 
-8.0142 36.7831 19.4067 
-7.9707 36.7682 19.3876 
-7.9304 36.7506 19.3895 
-7.7327 36.6112 19.2327 
-7.6279 36.5364 19.1508 
-7.2699 36.4491 19.0329 
-7.0817 36.3994 18.9671 
-7.0035 36.3839 18.9447 
-6.6579 36.3197 18.8411 
-6.5003 36.2727 18.7857 
-6.4928 36.2731 18.7813 
-6.4166 36.2792 18.7386 
-6.3609 36.2743 18.6916 
-5.9434 36.2900 18.2797 
-5.7808 36.3260 18.1641 
-5.7093 36.3395 18.1098 
-5.6390 36.3701 18.0353 
-5.0611 36.3130 17.4020 
-4.8790 36.2753 17.2151 
-4.8601 36.2704 17.1985 
-4.3584 36.1351 16.7513 
-4.3494 36.1323 16.7430 
-4.1896 36.0681 16.6617 
-4.1464 36.0498 16.6394 
-3.9834 35.9668 16.5488 
-3.6614 35.7763 16.4733 
-3.3373 35.5839 16.3972 
-3.3285 35.5784 16.3962 
-3.2671 35.5439 16.3904 
-3.1774 35.5014 16.3736 
-2.4978 35.2283 16.3575 
-2.4435 35.2034 16.3620 
-1.6174 34.9097 16.4684 
-1.4141 34.8401 16.4957 
-1.3411 34.8228 16.5088 
-1.2622 34.8020 16.5267 
-0.5423 34.5830 16.6746 
-0.5085 34.5750 16.6827 
0.1338 34.4111 16.8564 
0.5082 34.2989 16.9468 
0.5829 34.2783 16.9661 
0.6224 34.2674 16.9764 
0.8361 34.2239 17.0408 
1.6702 33.9305 17.2261 
1.7029 33.9219 17.2348 
2.0316 33.8354 17.3212 
2.2816 33.7363 17.3773 
2.5935 33.6097 17.4561 
2.7973 33.5221 17.5065 
2.8415 33.5029 17.5178 
3.1858 33.3809 17.6174 
3.1980 33.3774 17.6177 
3.6256 33.1961 17.7283 
3.6532 33.1896 17.7371 
3.8225 33.1429 17.8066 
4.3734 32.9330 18.0146 
4.3882 32.9285 18.0205 
5.2157 32.6751 18.3648 
5.3117 32.6519 18.3757 
5.3195 32.6484 18.3789 
5.3375 32.6414 18.3870 
5.9796 32.3988 18.6800 
6.0355 32.3741 18.7034 
6.1077 32.3405 18.7362 
6.2564 32.3300 18.8759 
6.9286 32.2428 19.3565 
7.0274 32.2440 19.3809 
7.0347 32.2454 19.3874 
7.0596 32.2470 19.4078 
7.7405 32.2523 20.0573 
7.7820 32.2583 20.1012 
7.8029 32.2606 20.1261 
8.1657 32.2828 20.5472 
8.2270 32.2986 20.6268 
8.2880 32.3120 20.7206 
8.5244 32.3695 21.0890 
8.6470 32.3577 21.2412 
8.6863 32.3491 21.3002 
9.0530 32.2983 21.8998 
9.1122 32.2810 21.9819 
9.1495 32.2623 22.0451 
9.2599 32.2543 22.3243 
9.2604 32.2506 22.3347 
9.4842 32.1886 22.7953 
9.5937 32.1633 23.0384 
9.6397 32.1381 23.1858 
9.6910 32.1509 23.4841 
9.7215 32.1426 23.6092 
9.7297 32.0882 23.8573 
9.7207 32.0743 24.0009 
9.6991 32.0488 24.1609 
9.8775 31.7574 24.5626 
9.9178 31.7077 24.7132 
9.9573 31.6248 24.7785 
10.0528 31.3119 24.9574 
10.1118 30.9752 25.1431 
10.1540 30.7789 25.1970 
10.1626 30.7376 25.2099 
10.2203 30.5398 25.2766 
10.2826 30.3255 25.3505 
10.3301 30.1456 25.4110 
10.4144 29.8678 25.4681 
10.4264 29.8263 25.4785 
10.5865 29.2583 25.6179 
10.6249 29.1242 25.6492 
10.6314 29.0960 25.6603 
10.6283 29.0614 25.6690 
10.8265 28.2322 25.8580 
10.8597 28.1400 25.8713 
10.8613 28.1325 25.8720 
10.9096 27.8436 25.9202 
11.0471 27.1264 26.0015 
11.0573 27.0426 26.0078 
11.0952 26.7134 26.0364 
11.1988 25.9892 26.0573 
11.2314 25.4597 26.0541 
11.2612 24.4596 26.0184 
11.2635 24.4178 26.0156 
11.2675 23.9337 25.9765 
11.2121 22.2852 26.0174 
11.2086 22.1956 26.0348 
11.0245 21.2383 26.1564 
10.9960 21.0040 26.1935 
10.7037 20.2314 26.4307 
10.6593 20.1465 26.4594 
10.5496 19.9517 26.5208 
10.2032 19.3405 26.7164 
10.1647 19.2841 26.7431 
9.8525 18.8970 26.9045 
9.6881 18.6652 26.9709 
9.6547 18.6247 26.9808 
9.3251 18.2938 27.1469 
9.0490 18.0131 27.2830 
8.9662 17.9415 27.3364 
8.8891 17.8836 27.3791 
8.3611 17.4429 27.6109 
8.2299 17.3473 27.6874 
8.0014 17.2344 27.7830 
7.9647 17.2129 27.7935 
7.5537 17.0859 27.8329 
7.4867 17.0649 27.8389 
7.3431 17.0363 27.8408 
7.2343 17.0257 27.8566 
6.8184 16.9527 27.8748 
6.6977 16.9248 27.8856 
6.1651 17.0034 28.1170 
6.0524 16.9795 28.1611 
5.9883 17.0039 28.1814 
5.6343 17.2892 28.2949 
5.5056 17.3975 28.3060 
5.2224 17.5649 28.3857 
5.2014 17.5768 28.3920 
5.0957 17.6427 28.4421 
4.6500 17.9256 28.5899 
4.5528 17.9969 28.6130 
4.1701 18.3463 28.7562 
3.9433 18.5785 28.8598 
3.8443 18.6876 28.8987 
3.5032 19.0570 29.0283 
3.4645 19.1011 29.0446 
3.3989 19.1821 29.0673 
3.3305 19.2571 29.0848 
3.2154 19.3820 29.1138 
3.0793 19.5540 29.1285 
2.9199 19.6841 29.1171 
2.9105 19.6936 29.1172 
2.5469 20.0716 29.1049 
2.2630 20.2920 29.0794 
2.2284 20.3189 29.0763 
1.6570 20.7816 29.0252 
1.4944 20.9275 29.0122 
1.4286 20.9656 29.0046 
1.3344 21.0191 29.0002 
0.5419 21.5719 28.9198 
0.5312 21.5800 28.9189 
0.1073 21.9184 28.8429 
-0.1406 22.0690 28.7875 
-0.1743 22.1030 28.7931 
-0.1963 22.1334 28.8683 
-0.2430 22.1244 28.9026 
-0.9770 22.6127 28.9110 
-1.0308 22.6298 28.9119 
-1.1894 22.7236 28.8773 
-1.7748 22.9624 28.7606 
-2.0421 23.0308 28.6922 
-2.2321 23.0826 28.6402 
-2.4135 23.1221 28.5815 
-2.4781 23.1333 28.5641 
-3.1584 23.2186 28.3492 
-3.2570 23.2382 28.3254 
-3.3751 23.2627 28.2959 
-3.7136 23.3303 28.2087 
-4.7156 23.5500 27.9724 
-4.7978 23.5685 27.9526 
-5.6481 23.7104 27.6937 
-5.8044 23.7387 27.6485 
-6.7197 23.9049 27.3835 
-6.8816 23.9255 27.3268 
-7.4444 24.0178 27.1094 
-7.9799 24.0840 26.8764 
-8.0810 24.0937 26.8349 
-8.4776 24.1744 26.7198 
-8.8641 24.2727 26.6300 
-8.9853 24.3464 26.6501 
-9.1705 24.4795 26.6662 
-9.4786 24.7088 26.6998 
-9.5540 24.8057 26.7427 
-9.7936 25.2007 26.8342 
-9.9201 25.4266 26.8928 
-9.9290 25.4435 26.8965 
-10.2953 26.1766 27.0670 
-10.3435 26.2939 27.1016 
-10.3739 26.3729 27.1226 
-10.7960 27.1047 27.1856 
-10.8942 27.3043 27.2187 
-10.9925 27.5379 27.2451 
-11.3583 28.2105 27.2079 
-11.4428 28.3707 27.2024 
-11.7313 29.0994 27.1316 
% end
