% Curve 1: 588551, Curve; 
% Length=152.592; NumberOfSegments=602; FullyAttached=Yes; Closed=Yes; 
% Units: mm
% begin
-24.2097 38.4501 19.8093 
-24.5919 38.2269 20.0916 
-24.6433 38.1705 20.1427 
-24.7555 38.0430 20.3182 
-24.7698 37.9795 20.3719 
-24.7861 37.7288 20.6604 
-24.7916 37.7115 20.6718 
-24.9000 36.9022 21.0725 
-24.9306 36.7113 21.1604 
-24.9366 36.6289 21.1911 
-25.0514 35.6673 21.4915 
-25.0512 35.6530 21.4984 
-25.0327 35.4942 21.5613 
-25.0060 35.1196 21.6861 
-25.0012 34.8401 21.7576 
-24.9971 34.7976 21.7733 
-24.8982 34.3696 21.8888 
-24.8672 34.1566 21.9253 
-24.8556 34.0925 21.9340 
-24.7649 33.6131 22.0027 
-24.7040 33.1539 22.0385 
-24.7025 33.1240 22.0378 
-24.6804 32.8773 22.0250 
-24.6135 32.1201 21.9838 
-24.5898 31.8116 21.9620 
-24.5863 31.7419 21.9583 
-24.5706 31.3281 21.9287 
-24.5549 31.0972 21.9237 
-24.5518 31.0408 21.9212 
-24.5480 30.6354 21.9130 
-24.5466 30.3958 21.9067 
-24.5466 30.3934 21.9065 
-24.5749 29.9245 21.8868 
-24.5862 29.6277 21.8857 
-24.5874 29.6030 21.8853 
-24.6054 29.1213 21.8751 
-24.6063 28.9571 21.8733 
-24.6070 28.9217 21.8731 
-24.6069 28.9072 21.8728 
-24.5780 28.2381 21.9024 
-24.5759 28.1180 21.9021 
-24.5676 28.0250 21.8979 
-24.4463 27.2377 21.9464 
-24.4367 27.1940 21.9473 
-24.4242 27.1474 21.9511 
-24.4182 27.1118 21.9497 
-24.3889 26.9879 21.9654 
-24.2765 26.6517 22.0093 
-24.0770 26.2078 22.0182 
-24.0057 26.0733 22.0297 
-23.9688 25.9976 22.0335 
-23.6023 25.3383 22.0177 
-23.5848 25.3080 22.0175 
-23.5713 25.2900 22.0197 
-23.2089 24.8204 22.0697 
-23.1651 24.7606 22.0742 
-23.0728 24.6380 22.0819 
-22.6461 24.1739 22.1631 
-22.4179 23.9194 22.2218 
-22.3748 23.8615 22.2250 
-22.3715 23.8571 22.2252 
-22.3400 23.8130 22.2268 
-22.2865 23.7476 22.2484 
-21.8815 23.3758 22.3507 
-21.8205 23.3189 22.3678 
-21.4313 22.9777 22.4499 
-21.4130 22.9620 22.4539 
-21.4038 22.9525 22.4552 
-21.3181 22.8696 22.4621 
-21.2937 22.8486 22.4614 
-20.8415 22.4196 22.5050 
-20.8080 22.3850 22.5067 
-20.7721 22.3484 22.5078 
-19.8519 21.3194 22.5061 
-19.7810 21.2454 22.5079 
-19.7046 21.1658 22.5095 
-18.7206 20.0882 22.5098 
-18.7069 20.0721 22.5114 
-18.5650 19.9190 22.5125 
-18.5605 19.9130 22.5121 
-18.5432 19.8901 22.5102 
-17.9558 19.1418 22.4584 
-17.9352 19.1158 22.4564 
-17.5113 18.6617 22.4455 
-17.4955 18.6467 22.4458 
-17.0792 18.2551 22.4515 
-17.0576 18.2303 22.4505 
-17.0474 18.2184 22.4503 
-17.0270 18.1971 22.4504 
-16.9751 18.1476 22.4517 
-16.7823 17.9616 22.4564 
-16.7777 17.9571 22.4569 
-16.6258 17.8119 22.4749 
-16.6060 17.7924 22.4771 
-16.5790 17.7650 22.4821 
-16.3347 17.4856 22.5235 
-16.2774 17.4242 22.5337 
-16.1298 17.2632 22.5672 
-16.0256 17.1425 22.5905 
-16.0222 17.1387 22.5914 
-15.6737 16.7091 22.6779 
-15.5177 16.5528 22.7197 
-15.4289 16.4631 22.7451 
-14.8577 15.7637 22.8961 
-14.6559 15.5286 22.9507 
-14.6372 15.5063 22.9566 
-14.2093 14.9212 23.0884 
-14.1191 14.8189 23.1166 
-14.1035 14.8008 23.1234 
-13.8433 14.4606 23.2404 
-13.8077 14.4228 23.2555 
-13.7768 14.3892 23.2731 
-13.5171 14.0953 23.4227 
-13.4518 14.0139 23.4619 
-13.3844 13.9271 23.5163 
-13.2928 13.8315 23.5848 
-13.2172 13.7419 23.6439 
-13.2104 13.7332 23.6510 
-13.0264 13.5417 23.8332 
-13.0146 13.5240 23.8463 
-12.9355 13.3995 23.9461 
-12.8211 13.2755 24.0780 
-12.7173 13.1520 24.2256 
-12.6040 12.8812 24.4008 
-12.5897 12.8530 24.4222 
-12.5741 12.8120 24.4565 
-12.4634 12.5186 24.5477 
-12.4614 12.5134 24.5497 
-12.4478 12.4883 24.5579 
-12.3545 12.2953 24.5980 
-12.3518 12.2910 24.5987 
-12.2481 12.1369 24.6426 
-12.2062 12.0747 24.6604 
-12.2056 12.0739 24.6608 
-12.1710 12.0344 24.6755 
-12.0863 11.9316 24.7050 
-12.0339 11.8779 24.7180 
-11.8681 11.7133 24.7649 
-11.8487 11.6946 24.7711 
-11.7227 11.5887 24.8022 
-11.6892 11.5616 24.8115 
-11.6634 11.5434 24.8165 
-11.6453 11.5311 24.8203 
-11.5042 11.4322 24.8478 
-11.4561 11.4008 24.8554 
-11.4290 11.3836 24.8601 
-11.3932 11.3604 24.8659 
-11.2941 11.2953 24.8826 
-11.2502 11.2649 24.8890 
-11.1955 11.2289 24.8982 
-11.1138 11.1699 24.9177 
-11.0451 11.1178 24.9327 
-11.0354 11.1106 24.9350 
-10.9606 11.0491 24.9607 
-10.9172 11.0162 24.9769 
-10.8779 10.9861 24.9920 
-10.7345 10.8941 25.0535 
-10.7030 10.8761 25.0639 
-10.5326 10.7736 25.1176 
-10.5015 10.7561 25.1280 
-10.2631 10.6451 25.1749 
-10.0742 10.5448 25.2045 
-10.0607 10.5377 25.2068 
-9.7415 10.4029 25.2241 
-9.5878 10.3243 25.2252 
-9.5614 10.3076 25.2236 
-9.5447 10.2982 25.2198 
-9.4617 10.2842 25.2236 
-9.1166 10.1454 25.1831 
-9.0201 10.1306 25.1887 
-8.8708 10.1158 25.1894 
-8.8092 10.1028 25.1818 
-8.7945 10.1002 25.1804 
-8.5202 10.0660 25.1451 
-8.5011 10.0637 25.1429 
-8.4691 10.0605 25.1389 
-8.2715 10.0499 25.1245 
-8.2589 10.0476 25.1246 
-8.1649 10.0401 25.1124 
-8.1619 10.0399 25.1122 
-8.1227 10.0381 25.1105 
-7.9386 10.0133 25.0856 
-7.9171 10.0097 25.0831 
-7.7666 9.9846 25.0656 
-7.7635 9.9839 25.0653 
-7.6783 9.9731 25.0649 
-7.5632 9.9442 25.0502 
-7.5491 9.9435 25.0512 
-7.3935 9.9427 25.0550 
-7.3569 9.9395 25.0537 
-7.3491 9.9391 25.0530 
-7.0356 9.9139 25.0214 
-7.0215 9.9124 25.0186 
-7.0038 9.9146 25.0177 
-6.5424 9.9543 24.9843 
-6.4785 9.9614 24.9808 
-6.4582 9.9640 24.9792 
-6.3288 9.9955 24.9800 
-5.9995 10.0708 24.9783 
-5.9865 10.0749 24.9791 
-5.7482 10.1534 24.9903 
-5.6598 10.1817 24.9938 
-5.6459 10.1876 24.9955 
-5.5525 10.2284 25.0062 
-5.4305 10.2685 25.0121 
-5.3953 10.2794 25.0133 
-5.2573 10.3206 25.0208 
-5.1979 10.3362 25.0230 
-5.1940 10.3371 25.0232 
-4.9439 10.3719 25.0297 
-4.9086 10.3749 25.0297 
-4.8993 10.3757 25.0298 
-4.4347 10.4349 25.0445 
-4.4088 10.4403 25.0464 
-4.4044 10.4411 25.0467 
-4.3797 10.4480 25.0499 
-3.8961 10.5644 25.1012 
-3.8937 10.5650 25.1014 
-3.8836 10.5680 25.1029 
-3.8385 10.5859 25.1068 
-3.5266 10.6670 25.1486 
-3.5256 10.6672 25.1487 
-3.3227 10.7173 25.1862 
-3.1936 10.7534 25.2149 
-3.1807 10.7561 25.2184 
-3.1053 10.7741 25.2413 
-2.9687 10.7915 25.2592 
-2.8094 10.8067 25.2828 
-2.7154 10.8140 25.2936 
-2.6880 10.8144 25.2936 
-2.3796 10.8139 25.2964 
-2.2865 10.8152 25.2996 
-2.2761 10.8152 25.2998 
-2.2473 10.8153 25.3005 
-1.9687 10.8102 25.3007 
-1.9648 10.8098 25.3009 
-1.7275 10.8052 25.3029 
-1.7223 10.8051 25.3030 
-1.7008 10.7972 25.3103 
-1.6867 10.7997 25.3105 
-1.3998 10.8344 25.3341 
-1.3505 10.8408 25.3375 
-1.1185 10.9151 25.3851 
-0.9540 10.9691 25.4198 
-0.9347 10.9779 25.4256 
-0.6517 11.1036 25.5185 
-0.6161 11.1171 25.5283 
-0.5914 11.1257 25.5358 
-0.3603 11.2130 25.6113 
-0.3478 11.2169 25.6147 
-0.1678 11.2693 25.6649 
-0.0987 11.2868 25.6818 
-0.0961 11.2874 25.6824 
0.2285 11.3660 25.7603 
0.2849 11.3793 25.7735 
0.3079 11.3852 25.7782 
0.3252 11.3900 25.7820 
0.8779 11.5219 25.8863 
0.9183 11.5327 25.8950 
1.9458 11.8349 26.0836 
2.0189 11.8543 26.0954 
2.0454 11.8618 26.1001 
2.0643 11.8676 26.1028 
2.9223 12.1581 26.2443 
2.9326 12.1619 26.2455 
3.2970 12.2845 26.3048 
3.3024 12.2864 26.3056 
3.4033 12.3195 26.3172 
4.5909 12.7001 26.4479 
4.8083 12.7792 26.4783 
4.8437 12.7930 26.4819 
5.3100 12.9892 26.5392 
5.4282 13.0391 26.5538 
5.4626 13.0550 26.5561 
5.5777 13.1187 26.5710 
6.0197 13.3538 26.6337 
6.1221 13.4365 26.6535 
6.3354 13.5995 26.7028 
6.4546 13.6927 26.7319 
6.7824 13.9599 26.8013 
7.3051 14.4034 26.9251 
7.3738 14.4626 26.9405 
7.5755 14.6616 27.0081 
7.9304 14.9419 27.0652 
8.1385 15.1069 27.0983 
8.2984 15.2170 27.1085 
8.3127 15.2310 27.1134 
8.6330 15.5777 27.2034 
8.7676 15.7157 27.2348 
8.8385 15.7925 27.2451 
9.3821 16.3104 27.2713 
9.3884 16.3172 27.2722 
9.8379 16.8563 27.2829 
10.1883 17.2480 27.2762 
10.2351 17.3069 27.2695 
10.6453 17.8566 27.2220 
10.8260 18.0573 27.1868 
10.8410 18.0759 27.1813 
10.9553 18.2566 27.1462 
11.3477 18.8623 27.0227 
11.3651 18.8920 27.0141 
11.7581 19.6602 26.8377 
11.8705 19.8414 26.7801 
11.8878 19.8732 26.7720 
11.9377 19.9735 26.7426 
12.4385 20.9285 26.4367 
12.4528 20.9522 26.4271 
12.7302 21.4421 26.2121 
13.0086 21.8259 26.0083 
13.0895 21.9733 25.9490 
13.1158 22.0227 25.9280 
13.4351 22.7281 25.6700 
13.5063 22.8913 25.6123 
13.5213 22.9295 25.5966 
13.8429 23.6335 25.3035 
13.9654 23.7915 25.1817 
14.0402 23.8842 25.1288 
14.2611 24.2281 24.9675 
14.4982 24.5059 24.7972 
14.5040 24.5184 24.7923 
14.6118 24.7504 24.7028 
14.9854 25.2636 24.4378 
15.0090 25.2955 24.4242 
15.2875 25.6987 24.2581 
15.3703 25.8321 24.2054 
15.5104 26.0569 24.1285 
15.7506 26.4550 23.9942 
15.7748 26.4952 23.9814 
16.2491 27.5140 23.6938 
16.2562 27.5301 23.6841 
16.2638 27.5472 23.6737 
16.2716 27.5659 23.6692 
16.3726 27.8084 23.6114 
16.5502 28.2341 23.5098 
16.5978 28.3477 23.4675 
16.6016 28.3596 23.4646 
16.6031 28.3645 23.4630 
16.8693 29.1362 23.2150 
16.8731 29.1525 23.2099 
16.9173 29.3383 23.1445 
17.0531 29.9168 22.9409 
17.0736 30.0058 22.9042 
17.1792 30.6387 22.6515 
17.1835 30.6729 22.6382 
17.1842 30.6790 22.6355 
17.1980 30.7584 22.5986 
17.3086 31.3209 22.3327 
17.3345 31.4184 22.2841 
17.3920 31.6593 22.1455 
17.4698 32.1266 21.8967 
17.4717 32.1427 21.8866 
17.4754 32.5022 21.6910 
17.4978 32.6318 21.6039 
17.5228 32.8565 21.4300 
17.5197 33.2491 21.1759 
17.5211 33.2938 21.1451 
17.5048 33.8643 20.7108 
17.5334 34.0161 20.5410 
17.5352 34.1074 20.4642 
17.5187 34.2424 20.3361 
17.5073 34.4390 20.1198 
17.4908 34.4887 20.0505 
17.4374 34.6610 19.7977 
17.4069 34.7064 19.7130 
17.1641 34.9916 19.4191 
17.1280 35.0403 19.3443 
16.7984 35.3439 18.7517 
16.8049 35.3760 18.7160 
16.7731 35.3743 18.6609 
16.5303 35.5115 17.9731 
16.5139 35.5192 17.9209 
16.4814 35.5256 17.8292 
16.3061 35.5614 17.3398 
16.3043 35.5610 17.3266 
16.2399 35.4997 17.0333 
16.2091 35.4875 16.9472 
15.9912 35.3246 16.5120 
15.9791 35.3135 16.4929 
15.9685 35.3007 16.4727 
15.9540 35.2914 16.4549 
15.7078 35.0888 16.0976 
15.6203 35.0047 15.9946 
15.1174 34.7853 15.6427 
14.9262 34.6897 15.4979 
14.7858 34.6115 15.4059 
14.3572 34.4721 15.2016 
14.1074 34.3811 15.0987 
13.5353 34.2245 14.9027 
13.3297 34.1630 14.8388 
13.0528 34.0438 14.7196 
12.9273 33.9895 14.6658 
12.2097 33.7407 14.4262 
12.1808 33.7318 14.4157 
11.8852 33.6498 14.3155 
11.4102 33.4159 14.0669 
11.2695 33.3751 14.0177 
10.8110 33.2664 13.8083 
10.6943 33.2364 13.7535 
10.4357 33.1936 13.5875 
10.3212 33.2038 13.4924 
10.2977 33.1962 13.4723 
10.1316 33.1523 13.2922 
9.7160 33.0253 12.8313 
9.6535 32.9786 12.7446 
9.4325 32.8088 12.3553 
9.4247 32.8000 12.3281 
9.3035 32.6699 11.9662 
9.2536 32.6434 11.8485 
9.1452 32.5967 11.4007 
9.0990 32.4739 11.0489 
9.1002 32.4613 11.0065 
9.0915 32.4379 10.5696 
9.0953 32.3958 10.4125 
9.1489 32.3297 10.1457 
9.2269 32.2756 9.7988 
9.3368 32.0648 9.2141 
9.4170 32.0028 9.0696 
9.4607 31.9734 8.9904 
9.5449 31.9514 8.9411 
9.7084 31.8898 8.8510 
9.8362 31.8564 8.8163 
10.9085 31.5651 8.5298 
11.0713 31.5151 8.4885 
11.3172 31.4333 8.4129 
11.9468 31.2576 8.2041 
12.0158 31.2484 8.1767 
12.3106 31.1715 7.9776 
12.6806 31.0464 7.7428 
13.0687 30.8020 7.2943 
13.3198 30.6611 7.0158 
13.4817 30.6025 6.8273 
13.8090 30.2516 5.9648 
13.8473 30.2090 5.8662 
13.8515 29.9853 5.4246 
13.8485 29.6855 4.6748 
13.6813 29.5298 4.3289 
13.5552 29.3888 4.0734 
13.5094 29.3662 4.0371 
13.1738 29.2486 3.7491 
12.5350 29.0750 3.1785 
12.1970 29.0248 2.9828 
11.6044 29.0067 2.6343 
10.5974 29.0317 2.0210 
10.5790 29.0337 2.0145 
9.2429 29.2629 1.5068 
9.0992 29.2987 1.4471 
9.0685 29.3077 1.4383 
7.4842 29.8847 0.9369 
7.4049 29.9149 0.9113 
7.1066 30.0597 0.9174 
6.2072 30.4769 0.9410 
5.4659 30.9555 1.3763 
5.3777 31.0172 1.4278 
4.9285 31.5212 2.2267 
4.8267 31.6294 2.4058 
4.6536 31.9153 3.0244 
4.6444 31.9288 3.0562 
4.6347 31.9387 3.0857 
4.3902 32.1531 3.6566 
4.3616 32.1768 3.7169 
4.1713 32.4342 4.1621 
4.0359 32.6466 4.4910 
3.9472 32.7511 4.6327 
3.7616 33.0382 4.9310 
3.6944 33.1731 5.0398 
3.5442 33.3590 5.1599 
3.2717 33.7847 5.3437 
3.1989 33.8964 5.3935 
2.9769 34.1628 5.4878 
2.5866 34.5988 5.6695 
2.5470 34.6401 5.6849 
1.8738 35.2229 5.9972 
1.4843 35.5713 6.1663 
1.4568 35.5966 6.1783 
1.2088 35.8238 6.2841 
0.8391 36.1421 6.4486 
0.7603 36.2052 6.4767 
0.3401 36.8638 6.6434 
0.3353 36.8709 6.6459 
0.3338 36.8742 6.6466 
0.2024 37.0689 6.7161 
0.0556 37.3130 6.8284 
0.0263 37.4745 6.8503 
-0.0102 37.6663 6.8743 
-0.0174 37.7260 6.8786 
0.0003 37.8645 6.9339 
-0.1004 38.1313 7.0942 
-0.3446 38.4468 7.3692 
-0.4974 38.6238 7.4734 
-0.6019 38.7487 7.5370 
-0.8073 38.8918 7.6287 
-0.9069 38.9298 7.6810 
-1.0878 38.9752 7.8350 
-1.5976 39.0629 8.0317 
-1.6266 39.0763 8.0528 
-2.0025 39.2338 8.3466 
-2.1640 39.2729 8.4465 
-2.1847 39.2843 8.4652 
-2.2444 39.3150 8.5248 
-2.9634 39.5053 9.0559 
-3.0579 39.5424 9.1383 
-3.0654 39.5448 9.1454 
-3.1666 39.6094 9.2658 
-3.8852 39.8354 9.9500 
-4.0234 39.8875 10.0911 
-4.0802 39.9036 10.1520 
-4.2481 39.9472 10.3221 
-4.8371 40.0853 10.8801 
-4.8802 40.0915 10.9228 
-5.2915 40.1263 11.2605 
-5.4120 40.1440 11.3804 
-5.9380 40.1817 11.9301 
-5.9922 40.1885 11.9412 
-6.0260 40.1867 11.9665 
-6.0585 40.1834 11.9932 
-6.5772 40.1597 12.4438 
-6.6438 40.1509 12.4961 
-6.7350 40.1401 12.5652 
-7.1472 40.0230 12.8030 
-7.1780 40.0266 12.8342 
-7.5393 40.0631 13.2103 
-7.6070 40.0595 13.2640 
-7.6169 40.0590 13.2718 
-8.0470 39.9846 13.5244 
-8.0480 39.9845 13.5253 
-8.4324 39.9581 13.8546 
-8.4735 39.9480 13.8747 
-8.4758 39.9478 13.8765 
-8.4979 39.9447 13.8938 
-9.0558 39.8528 14.2883 
-9.0683 39.8516 14.2997 
-9.1061 39.8478 14.3337 
-9.1849 39.8416 14.4084 
-9.3873 39.8258 14.6005 
-9.4160 39.8164 14.6305 
-9.4406 39.8175 14.6638 
-9.4638 39.8159 14.6980 
-9.6659 39.7750 14.9335 
-9.7312 39.7595 15.0125 
-9.7728 39.8309 15.2049 
-9.8220 39.8738 15.3596 
-9.8962 39.9390 15.5715 
-9.9296 39.9748 15.6758 
-9.9338 39.9785 15.6877 
-9.9416 39.9853 15.7027 
-9.9975 40.0197 15.7994 
-10.0897 40.0619 15.9486 
-10.1327 40.0811 16.0038 
-10.2557 40.1111 16.1500 
-10.3093 40.1114 16.2076 
-10.3683 40.1198 16.2393 
-10.4717 40.1355 16.2956 
-10.5623 40.1554 16.3215 
-11.0531 40.2025 16.4386 
-11.1044 40.2011 16.4483 
-11.2511 40.1854 16.4715 
-11.5346 40.1664 16.4927 
-11.9647 40.1557 16.5358 
-12.2247 40.0953 16.5290 
-12.3689 40.1210 16.5613 
-12.3953 40.1252 16.5680 
-12.8565 40.1422 16.6464 
-12.8931 40.1435 16.6526 
-13.2810 40.1414 16.7439 
-13.4186 40.1387 16.7750 
-14.1905 40.0918 16.9983 
-14.4353 40.0663 17.0629 
-14.4669 40.0627 17.0719 
-14.5679 40.0652 17.1100 
-15.8988 39.8872 17.4746 
-16.0208 39.8672 17.5057 
-16.0932 39.8551 17.5245 
-16.2990 39.8632 17.6119 
-17.3130 39.8175 17.9744 
-17.4490 39.7990 18.0132 
-17.5219 39.7897 18.0332 
-17.8384 39.7862 18.1565 
-18.1915 39.7496 18.2618 
-18.2096 39.7478 18.2671 
-18.8063 39.6894 18.4369 
-18.8637 39.6798 18.4471 
-18.8981 39.6746 18.4529 
-18.9763 39.6951 18.4816 
-19.4988 39.6369 18.6094 
-19.5866 39.6280 18.6296 
-20.3955 39.5618 18.8240 
-20.4209 39.5574 18.8288 
-20.4423 39.5533 18.8336 
-20.4574 39.5425 18.8568 
-21.1094 39.3412 18.9169 
-21.1362 39.3326 18.9195 
-22.0535 39.1655 19.1553 
-22.1790 39.1369 19.1813 
-22.2102 39.1305 19.1884 
-22.2762 39.1150 19.2058 
-23.0265 38.8862 19.3444 
-23.0520 38.8778 19.3495 
-23.1245 38.8652 19.3673 
-23.5860 38.7059 19.4615 
-23.6112 38.6936 19.4682 
-24.0879 38.5093 19.7366 
-24.1552 38.4830 19.7735 
-24.2097 38.4501 19.8093 
% end
