% Curve 1: 589999, Curve; 
% Length=158.357; NumberOfSegments=677; FullyAttached=Yes; Closed=Yes; 
% Units: mm
% begin
-12.0154 9.7252 25.3879 
-12.6298 10.0816 25.4042 
-12.6730 10.1079 25.4097 
-13.0173 10.3751 25.4413 
-13.0184 10.3751 25.4416 
-13.0195 10.3767 25.4414 
-13.0652 10.4106 25.4406 
-13.3745 10.7244 25.4135 
-13.3869 10.7434 25.4108 
-13.4468 10.8410 25.4071 
-13.6284 11.1241 25.3761 
-13.6662 11.2532 25.3493 
-13.7201 11.4431 25.3143 
-13.7094 11.5274 25.2880 
-13.6842 11.7157 25.2343 
-13.6823 11.7288 25.2309 
-13.5788 11.8547 25.1715 
-13.5555 11.8828 25.1613 
-13.2515 12.0496 25.0639 
-12.9477 12.2163 24.9442 
-12.8264 12.2684 24.8982 
-12.4976 12.4088 24.8131 
-12.1003 12.5778 24.7247 
-12.0891 12.5826 24.7228 
-11.7183 12.7477 24.6583 
-11.6395 12.7829 24.6415 
-11.4308 12.9184 24.5950 
-11.4245 12.9225 24.5938 
-11.3216 13.0287 24.5733 
-11.2641 13.0885 24.5571 
-11.2373 13.1163 24.5498 
-11.1750 13.2104 24.5296 
-11.0855 13.3454 24.5031 
-11.0787 13.3614 24.5007 
-11.0339 13.4668 24.4829 
-11.0265 13.4927 24.4792 
-10.9806 13.6500 24.4636 
-10.9455 13.7693 24.4533 
-10.9221 13.8487 24.4472 
-10.8979 13.9528 24.4402 
-10.8779 14.0386 24.4349 
-10.8775 14.0403 24.4349 
-10.8666 14.1036 24.4325 
-10.8335 14.2952 24.4270 
-10.8333 14.2964 24.4270 
-10.8236 14.3899 24.4272 
-10.8080 14.5411 24.4266 
-10.8079 14.5434 24.4266 
-10.8086 14.6043 24.4279 
-10.8095 14.6775 24.4296 
-10.8154 14.7238 24.4314 
-10.8314 14.8487 24.4356 
-10.8372 14.8947 24.4375 
-10.8445 14.9356 24.4394 
-10.8770 15.1174 24.4459 
-10.8777 15.1212 24.4461 
-10.8862 15.1672 24.4477 
-10.9196 15.3432 24.4503 
-10.9371 15.4335 24.4499 
-10.9475 15.4930 24.4494 
-10.9968 15.7868 24.4555 
-11.0263 15.9552 24.4547 
-11.0330 15.9997 24.4542 
-11.0967 16.4429 24.4608 
-11.1219 16.6124 24.4609 
-11.1241 16.6303 24.4608 
-11.1510 16.8594 24.4655 
-11.2013 17.2780 24.4700 
-11.2028 17.2919 24.4701 
-11.2684 17.8905 24.4738 
-11.2730 17.9324 24.4741 
-11.2753 17.9557 24.4739 
-11.3370 18.5483 24.4686 
-11.3383 18.5610 24.4685 
-11.3777 18.9115 24.4563 
-11.4091 19.2068 24.4512 
-11.4099 19.2130 24.4509 
-11.4678 19.7393 24.4167 
-11.4701 19.7615 24.4156 
-11.4883 19.9698 24.4043 
-11.5279 20.3783 24.3718 
-11.5329 20.4700 24.3630 
-11.5686 20.8708 24.2920 
-11.5833 21.1409 24.2653 
-11.5844 21.3873 24.2348 
-11.6081 21.7529 24.1482 
-11.6100 21.8421 24.1247 
-11.6012 22.6663 23.9476 
-11.5960 22.7817 23.9288 
-11.5948 22.8059 23.9251 
-11.5806 22.9339 23.8997 
-11.5744 23.7523 23.7108 
-11.5750 23.7788 23.7037 
-11.5856 24.0070 23.6500 
-11.5732 24.3661 23.5865 
-11.5780 24.5487 23.5710 
-11.5898 24.8299 23.5442 
-11.5925 24.8540 23.5441 
-11.7072 25.4253 23.5079 
-11.7200 25.4706 23.5104 
-11.7279 25.4971 23.5116 
-11.8313 25.7604 23.5105 
-11.8443 25.7928 23.5102 
-11.8460 25.7934 23.5129 
-12.0071 26.1073 23.5705 
-12.0202 26.1326 23.5753 
-12.0394 26.1659 23.5844 
-12.4881 26.8110 23.7326 
-12.6353 27.0704 23.8042 
-12.7552 27.2836 23.8608 
-12.8097 27.4744 23.9251 
-12.8919 27.7749 24.0143 
-13.0202 28.1118 24.1095 
-13.0249 28.1782 24.1309 
-13.0316 28.2659 24.1656 
-12.9855 29.2548 24.3898 
-12.9809 29.3775 24.4192 
-12.9801 29.4023 24.4232 
-12.9128 29.8073 24.4921 
-12.9093 29.8329 24.4883 
-12.8814 30.3089 24.5728 
-12.8803 30.3272 24.5758 
-12.7752 30.9388 24.6861 
-12.7546 31.1549 24.7227 
-12.7483 31.1770 24.7270 
-12.7354 31.2223 24.7451 
-12.6085 32.2481 24.8566 
-12.5957 32.4894 24.8756 
-12.5916 32.5589 24.8834 
-12.5671 32.9484 24.9045 
-12.5984 33.5722 24.9265 
-12.5986 33.7957 24.8939 
-12.5973 34.1514 24.8425 
-12.5965 34.1676 24.8376 
-12.6519 34.5772 24.6836 
-12.6490 34.6774 24.6518 
-12.6163 34.9748 24.4986 
-12.6319 35.0416 24.4664 
-12.6268 35.1654 24.3405 
-12.7185 35.4139 24.0468 
-12.7215 35.4362 24.0232 
-12.7618 35.7770 23.6407 
-12.7654 35.8123 23.5884 
-12.7741 35.8308 23.5634 
-12.9170 36.1318 23.1544 
-12.9284 36.1707 23.1052 
-12.9597 36.2755 22.9817 
-13.0884 36.5535 22.6399 
-13.1111 36.6543 22.5236 
-13.1442 36.7987 22.3323 
-13.2538 37.3725 21.7082 
-13.2538 37.4322 21.6551 
-13.2536 37.4660 21.5941 
-13.2006 37.6560 21.3513 
-13.1055 38.0179 20.9160 
-13.0806 38.0597 20.8653 
-12.9421 38.2641 20.5763 
-12.9098 38.3482 20.4649 
-12.8251 38.4827 20.2239 
-12.7678 38.5866 19.9903 
-12.7694 38.5978 19.9832 
-12.6704 38.7446 19.7336 
-12.5409 38.8457 19.4819 
-12.5143 38.8682 19.3536 
-12.4649 38.8605 19.2297 
-12.3410 38.8506 18.9473 
-12.2793 38.8270 18.8464 
-12.2422 38.7503 18.7391 
-12.1808 38.6613 18.6641 
-11.8328 38.4345 18.3596 
-11.6688 38.3099 18.1992 
-11.6479 38.3028 18.1832 
-11.4633 38.2284 18.0936 
-11.4517 38.2227 18.0926 
-11.1063 38.0138 17.8749 
-11.0059 37.9787 17.8030 
-10.5461 37.8198 17.5683 
-10.1776 37.6775 17.3774 
-10.0749 37.6197 17.3208 
-10.0147 37.5858 17.2920 
-9.7336 37.5133 17.1777 
-9.1466 37.2892 16.9220 
-9.0405 37.2068 16.8659 
-8.9171 37.1110 16.8054 
-8.3873 36.8437 16.5796 
-8.3411 36.7944 16.5690 
-8.3234 36.7784 16.5562 
-8.1540 36.6845 16.4601 
-7.8369 36.4564 16.2666 
-7.7730 36.4313 16.2373 
-7.6455 36.3845 16.1681 
-7.3475 36.1755 15.9414 
-7.2389 36.1330 15.8806 
-6.8308 36.0213 15.5806 
-6.5540 35.8231 15.2514 
-6.4981 35.8018 15.1543 
-6.2734 35.7965 14.8869 
-6.1234 35.7132 14.5859 
-6.1210 35.7125 14.5753 
-6.0340 35.7112 14.2512 
-6.0398 35.7226 14.2088 
-6.1259 35.7528 13.7793 
-6.2079 35.7276 13.5681 
-6.2361 35.7217 13.5069 
-6.4009 35.6490 13.1891 
-6.4560 35.6372 13.1154 
-6.7845 35.4848 12.7487 
-6.9356 35.4044 12.5893 
-6.9809 35.3773 12.5443 
-7.4188 35.1191 12.1134 
-7.7289 34.9157 11.8288 
-8.1626 34.5532 11.3392 
-8.1643 34.5519 11.3371 
-8.2533 34.4825 11.2352 
-8.2521 34.4819 11.2346 
-8.5675 34.0234 10.5986 
-8.5995 33.9779 10.5329 
-8.6100 33.8690 10.3849 
-8.6481 33.4697 9.8544 
-8.5100 33.3098 9.6616 
-8.4460 33.2332 9.5738 
-8.0269 33.0651 9.4152 
-7.7233 32.9585 9.2898 
-7.6078 32.9391 9.2716 
-6.5969 32.7995 9.0918 
-6.1226 32.7364 9.0057 
-5.8481 32.7169 8.9793 
-4.8275 32.6253 8.8948 
-4.1149 32.5625 8.8349 
-4.0133 32.5560 8.8297 
-3.6630 32.5594 8.7939 
-2.9877 32.5592 8.7295 
-2.4712 32.5770 8.7074 
-1.3294 32.6895 8.6082 
-1.3174 32.6916 8.6084 
-0.3541 32.8395 8.6388 
-0.3235 32.8475 8.6443 
0.6955 33.1904 8.7800 
0.9799 33.2719 8.8270 
1.0141 33.2854 8.8381 
2.1896 33.7986 9.1900 
2.3681 33.8566 9.2647 
2.3983 33.8683 9.2814 
3.1066 34.1405 9.6731 
3.2231 34.2252 9.8286 
3.2746 34.2418 9.8994 
3.2765 34.2424 9.9020 
3.6188 34.3612 10.5701 
3.6351 34.3572 10.6227 
3.7683 34.3483 10.8327 
3.8896 34.3571 11.0293 
4.0573 34.3796 11.1539 
4.2357 34.4086 11.2125 
4.9476 34.4762 11.3908 
4.9984 34.4826 11.3980 
6.3278 34.8064 11.6357 
6.5617 34.8670 11.6637 
7.5416 35.0580 11.7969 
7.7349 35.1196 11.8459 
8.6129 35.4228 12.0103 
8.6319 35.4266 12.0207 
9.1781 35.5769 12.1401 
9.2169 35.6014 12.1519 
9.6387 35.8759 12.2133 
9.8536 35.9928 12.2378 
9.8623 35.9986 12.2391 
10.4736 36.3722 12.4027 
10.5022 36.3875 12.4092 
10.5053 36.3900 12.4104 
10.5403 36.4151 12.4277 
10.5485 36.4181 12.4359 
11.2307 36.7927 12.5841 
11.2869 36.8242 12.5935 
11.4970 37.0208 12.6383 
11.8929 37.2318 12.7027 
11.9133 37.2426 12.7056 
12.1974 37.3282 12.7468 
12.3708 37.3754 12.7719 
12.7113 37.4680 12.8091 
13.0303 37.4904 12.8391 
13.1269 37.4971 12.8485 
13.7239 37.6457 12.9339 
13.8627 37.6453 12.9527 
13.8914 37.6460 12.9553 
14.3075 37.6337 12.9836 
14.5288 37.6670 13.0166 
14.6966 37.6863 13.0590 
15.3743 37.7321 13.2194 
15.4113 37.7360 13.2286 
15.4591 37.7413 13.2402 
15.6260 37.7241 13.2770 
16.0710 37.6424 13.3714 
16.1823 37.6234 13.4294 
16.3054 37.5825 13.4963 
16.8228 37.3239 13.7898 
17.1692 37.2339 13.9746 
17.3520 37.1867 14.1058 
17.7611 36.9932 14.4206 
17.9865 36.8867 14.5941 
18.2031 36.7840 14.8548 
18.2285 36.7727 14.8851 
18.4095 36.7175 15.0910 
18.4246 36.7122 15.1083 
18.7019 36.6114 15.6076 
18.7895 36.5548 15.7766 
18.7996 36.5469 15.8044 
19.0326 36.4873 16.3821 
19.2262 36.4505 16.8553 
19.2786 36.4405 17.0128 
19.4436 36.4055 17.4930 
19.6196 36.3197 18.0483 
19.6886 36.2740 18.2614 
19.7568 36.2337 18.4498 
19.8630 36.1543 18.7400 
19.9247 36.1114 18.8964 
20.2276 35.8168 19.6923 
20.3443 35.7026 19.9448 
20.3539 35.6921 19.9684 
20.4130 35.6460 20.1428 
20.5732 35.4862 20.5221 
20.8877 35.1909 21.2859 
20.8913 35.1868 21.2946 
21.2930 34.7256 22.2696 
21.3440 34.6678 22.3937 
21.3465 34.6648 22.4002 
21.4201 34.5594 22.5939 
21.5853 34.2950 23.0281 
21.6058 34.2520 23.1016 
21.7428 34.0036 23.5929 
21.8418 33.7805 23.9485 
21.8667 33.7358 24.0377 
21.9079 33.6134 24.2851 
21.9962 33.3292 24.8116 
22.0094 33.2670 24.8878 
21.9814 32.8921 25.3597 
21.9783 32.8521 25.4049 
21.9773 32.8382 25.4122 
21.9614 32.6193 25.5016 
21.8308 32.2153 25.6674 
21.7712 32.0932 25.7177 
21.7536 32.0569 25.7293 
21.7202 31.9850 25.7378 
21.4822 31.4749 25.8005 
21.1429 30.9599 25.8702 
20.4295 29.9734 25.8851 
20.3130 29.8335 25.8745 
20.2776 29.7886 25.8711 
19.4094 28.6726 25.6954 
19.3556 28.6163 25.6779 
19.3200 28.5725 25.6653 
19.0223 28.2076 25.5838 
18.6257 27.7210 25.4726 
18.5905 27.6782 25.4658 
18.5630 27.6448 25.4607 
18.4782 27.5406 25.4384 
17.8026 26.7031 25.2226 
17.7608 26.6473 25.2091 
17.4530 26.2431 25.1237 
17.1235 25.8025 25.0106 
17.1135 25.7873 25.0072 
16.8938 25.4658 24.9520 
16.4817 24.8538 24.8290 
16.4584 24.8124 24.8219 
16.1294 24.2125 24.6886 
16.0468 24.0664 24.6639 
16.0039 23.9736 24.6514 
15.6627 23.2002 24.5081 
15.6202 23.1088 24.4969 
15.5876 23.0261 24.4890 
15.2725 22.2219 24.4111 
15.2569 22.1825 24.4077 
15.2496 22.1618 24.4064 
15.2030 22.0319 24.3993 
14.9526 21.3278 24.3564 
14.9073 21.2086 24.3561 
14.9022 21.1939 24.3562 
14.8278 20.9795 24.3581 
14.7328 20.7109 24.3654 
14.7137 20.6538 24.3674 
14.6208 20.3848 24.3828 
14.5449 20.1680 24.3977 
14.5328 20.1332 24.3998 
14.4574 19.9041 24.4148 
14.4094 19.7668 24.4301 
14.3871 19.7052 24.4389 
14.3852 19.6999 24.4397 
14.3278 19.5273 24.4603 
14.3142 19.4870 24.4657 
14.3115 19.4786 24.4666 
14.2960 19.4291 24.4722 
14.2472 19.2781 24.4921 
14.2469 19.2770 24.4923 
14.2171 19.1736 24.5027 
14.1937 19.0934 24.5114 
14.1884 19.0748 24.5132 
14.1814 19.0507 24.5155 
14.1690 19.0054 24.5186 
14.1493 18.9344 24.5237 
14.1415 18.9061 24.5257 
14.1247 18.8429 24.5295 
14.1139 18.8044 24.5327 
14.1097 18.7867 24.5326 
14.1082 18.7804 24.5327 
14.1012 18.7496 24.5320 
14.0878 18.6903 24.5309 
14.0866 18.6847 24.5307 
14.0769 18.6466 24.5292 
14.0721 18.6282 24.5287 
14.0607 18.5885 24.5272 
14.0496 18.5474 24.5244 
14.0423 18.5225 24.5235 
14.0303 18.4810 24.5222 
14.0279 18.4723 24.5217 
14.0276 18.4713 24.5216 
14.0268 18.4688 24.5216 
13.9906 18.3434 24.5234 
13.9884 18.3361 24.5236 
13.9775 18.2979 24.5242 
13.9539 18.2195 24.5288 
13.9512 18.2105 24.5294 
13.9315 18.1433 24.5329 
13.9302 18.1391 24.5333 
13.9260 18.1252 24.5348 
13.9194 18.1031 24.5362 
13.8982 18.0301 24.5403 
13.8962 18.0233 24.5408 
13.8728 17.9403 24.5441 
13.8677 17.9228 24.5452 
13.8671 17.9206 24.5454 
13.8651 17.9135 24.5460 
13.8302 17.7889 24.5541 
13.8131 17.7280 24.5583 
13.8123 17.7250 24.5585 
13.8114 17.7218 24.5587 
13.7823 17.6180 24.5623 
13.7803 17.6110 24.5626 
13.7764 17.5977 24.5631 
13.7639 17.5562 24.5667 
13.7268 17.4332 24.5778 
13.7169 17.3994 24.5786 
13.7132 17.3876 24.5788 
13.6768 17.2685 24.5717 
13.6741 17.2600 24.5718 
13.6693 17.2459 24.5718 
13.6363 17.1486 24.5718 
13.5926 17.0207 24.5735 
13.5876 17.0060 24.5737 
13.5833 16.9937 24.5739 
13.5703 16.9553 24.5725 
13.5079 16.7734 24.5697 
13.4993 16.7483 24.5691 
13.4639 16.6439 24.5671 
13.4615 16.6373 24.5673 
13.4588 16.6292 24.5672 
13.3955 16.4474 24.5672 
13.3767 16.3958 24.5671 
13.3262 16.2549 24.5615 
13.3225 16.2445 24.5611 
13.3119 16.2168 24.5601 
13.2635 16.0897 24.5523 
13.2419 16.0334 24.5502 
13.2396 16.0275 24.5501 
13.2362 16.0188 24.5498 
13.2087 15.9454 24.5451 
13.1735 15.8528 24.5412 
13.1713 15.8467 24.5409 
13.1678 15.8370 24.5403 
13.1572 15.8074 24.5386 
13.1231 15.7142 24.5378 
13.1121 15.6842 24.5368 
13.1075 15.6713 24.5362 
13.0689 15.5436 24.5317 
13.0511 15.4847 24.5297 
13.0472 15.4696 24.5294 
13.0189 15.3579 24.5271 
13.0040 15.2993 24.5267 
12.9994 15.2777 24.5268 
12.9809 15.1874 24.5238 
12.9624 15.1002 24.5236 
12.9576 15.0768 24.5229 
12.9509 15.0446 24.5218 
12.9455 15.0195 24.5219 
12.9387 14.9829 24.5221 
12.9314 14.9453 24.5237 
12.9301 14.9389 24.5239 
12.9184 14.8748 24.5211 
12.8982 14.7719 24.5224 
12.8942 14.7510 24.5218 
12.8887 14.7154 24.5212 
12.8596 14.5240 24.5147 
12.8571 14.5080 24.5145 
12.8565 14.5033 24.5145 
12.8557 14.4981 24.5144 
12.8537 14.4826 24.5138 
12.8326 14.3243 24.5116 
12.8232 14.2212 24.5115 
12.8167 14.1444 24.5102 
12.8150 14.1233 24.5099 
12.8054 14.0112 24.5111 
12.8041 13.9974 24.5115 
12.7989 13.9307 24.5140 
12.7944 13.8599 24.5137 
12.7891 13.7977 24.5129 
12.7813 13.7180 24.5152 
12.7804 13.7052 24.5148 
12.7638 13.4975 24.5088 
12.7642 13.4916 24.5095 
12.7338 13.2555 24.5157 
12.7319 13.2404 24.5161 
12.7311 13.2345 24.5161 
12.7264 13.2046 24.5174 
12.7014 13.0572 24.5273 
12.6944 12.9899 24.5337 
12.6592 12.7849 24.5529 
12.6622 12.7582 24.5673 
12.6550 12.7328 24.5759 
12.6468 12.7121 24.5861 
12.6464 12.7110 24.5867 
12.6172 12.6346 24.6256 
12.6054 12.6278 24.6364 
12.5319 12.5372 24.7040 
12.5259 12.5209 24.7119 
12.5134 12.4829 24.7344 
12.4734 12.4275 24.7796 
12.4315 12.3975 24.8382 
12.4253 12.3687 24.8520 
12.4231 12.3482 24.8636 
12.4275 12.2850 24.8759 
12.4197 12.2368 24.8815 
12.4030 12.1259 24.8911 
12.3870 12.0225 24.9016 
12.3830 11.9977 24.9042 
12.3780 11.9668 24.9075 
12.3511 11.7690 24.9098 
12.3501 11.7616 24.9099 
12.3011 11.4371 24.9142 
12.2736 11.2543 24.9164 
12.2631 11.1845 24.9174 
12.2358 10.9944 24.9207 
12.2147 10.8475 24.9230 
12.1773 10.5660 24.9283 
12.1538 10.3880 24.9313 
12.1474 10.3428 24.9333 
12.0639 9.7618 24.9585 
12.0077 9.3438 24.9641 
12.0036 9.3151 24.9648 
11.9659 9.0766 24.9703 
11.8572 8.4473 25.0109 
11.8561 8.4422 25.0112 
11.7634 7.9783 25.0338 
11.7122 7.7237 25.0467 
11.7100 7.7113 25.0466 
11.6947 7.6348 25.0453 
11.5218 6.7610 25.0250 
11.5060 6.6772 25.0208 
11.3950 6.1236 24.9903 
11.2998 5.6518 24.9659 
11.2775 5.5485 24.9599 
11.0371 4.3851 24.8603 
11.0231 4.3151 24.8534 
11.0080 4.2505 24.8464 
10.8476 3.5675 24.7753 
10.7181 3.0115 24.7150 
10.7159 3.0024 24.7142 
10.6985 2.9394 24.7083 
10.6706 2.8428 24.7029 
10.2512 1.3275 24.5676 
10.2199 1.2378 24.5569 
9.9913 0.6425 24.5677 
9.8238 0.2435 24.5671 
9.7887 0.1678 24.5804 
9.7795 0.1518 24.5829 
9.7133 0.0435 24.5921 
9.4772 -0.4105 24.6085 
9.3877 -0.5694 24.6291 
9.3623 -0.6043 24.6330 
9.1299 -0.9274 24.6517 
9.0782 -1.0007 24.6498 
9.0659 -1.0181 24.6500 
8.9177 -1.1694 24.6490 
8.6570 -1.4354 24.6484 
8.6426 -1.4459 24.6481 
8.4914 -1.5565 24.6526 
8.1557 -1.8029 24.6485 
8.0928 -1.8380 24.6475 
7.4835 -2.1771 24.6329 
7.1845 -2.3436 24.6301 
6.7911 -2.5047 24.6275 
6.2895 -2.7102 24.6152 
6.2329 -2.7246 24.6143 
5.9651 -2.7926 24.6101 
5.2744 -2.9682 24.6015 
5.2292 -2.9718 24.6013 
4.7152 -3.0128 24.6017 
4.3827 -3.0393 24.6030 
4.0348 -3.0048 24.6078 
3.5114 -2.9531 24.6176 
3.4860 -2.9507 24.6187 
2.5759 -2.7290 24.6631 
2.5220 -2.7159 24.6667 
2.4425 -2.6966 24.6710 
2.4296 -2.6934 24.6714 
1.6944 -2.4430 24.6998 
1.6806 -2.4383 24.7003 
1.0620 -2.1921 24.7198 
0.7946 -2.0859 24.7222 
0.6997 -2.0482 24.7223 
0.6511 -2.0290 24.7222 
-0.4697 -1.5845 24.7665 
-0.4877 -1.5774 24.7669 
-0.5048 -1.5710 24.7674 
-0.7172 -1.4917 24.7747 
-1.5296 -1.1885 24.7996 
-1.5974 -1.1635 24.7997 
-1.6499 -1.1456 24.7998 
-2.6361 -0.8112 24.8253 
-2.6911 -0.7927 24.8256 
-2.7615 -0.7695 24.8260 
-2.9283 -0.7145 24.8334 
-3.3177 -0.5865 24.8414 
-3.3781 -0.5671 24.8427 
-3.6396 -0.4831 24.8217 
-4.0178 -0.3615 24.8056 
-4.0277 -0.3584 24.8045 
-4.7774 -0.0722 24.7225 
-4.9841 0.0056 24.7150 
-4.9957 0.0108 24.7147 
-5.1877 0.0883 24.6980 
-5.9823 0.4779 24.5512 
-6.0107 0.4954 24.5464 
-6.5443 0.8303 24.4288 
-6.7628 0.9767 24.3506 
-6.8025 1.0110 24.3373 
-7.0273 1.2056 24.2187 
-7.4933 1.6354 24.0507 
-7.6732 1.7955 23.9810 
-7.8937 2.0535 23.9080 
-7.9529 2.1184 23.8940 
-7.9747 2.1468 23.8903 
-8.2489 2.4713 23.8804 
-8.4123 2.6598 23.8798 
-8.4529 2.6957 23.8919 
-8.5160 2.7619 23.9166 
-8.6439 2.9062 23.9534 
-8.8099 3.1756 24.0349 
-8.9655 3.4132 24.1315 
-8.9977 3.4684 24.1545 
-9.0927 3.7280 24.3456 
-9.0926 3.7429 24.3552 
-9.0977 4.0033 24.4810 
-9.1134 4.4361 24.6541 
-9.0728 4.8368 24.8002 
-9.0401 5.3084 24.9062 
-9.0348 5.3875 24.9231 
-8.9742 5.8666 25.0204 
-8.9666 5.9366 25.0285 
-8.9656 6.1281 25.0536 
-8.9693 6.1530 25.0575 
-9.0597 6.7745 25.1560 
-9.1069 7.0864 25.1901 
-9.1746 7.5168 25.2183 
-9.3213 7.9465 25.2565 
-9.3375 7.9932 25.2590 
-9.4713 8.1711 25.2799 
-9.5634 8.2915 25.2844 
-9.5831 8.3172 25.2852 
-9.8617 8.5317 25.3082 
-10.1024 8.7168 25.3258 
-10.1530 8.7463 25.3302 
-10.6133 9.0093 25.3348 
-10.6245 9.0146 25.3350 
-10.8606 9.1340 25.3556 
-11.2333 9.3136 25.3514 
-11.2514 9.3226 25.3524 
-11.9418 9.6839 25.3847 
-11.9678 9.6971 25.3847 
-11.9908 9.7102 25.3845 
-12.0154 9.7252 25.3879 
% end
