% Curve 1: 590574, Curve; 
% Length=108.548; NumberOfSegments=423; FullyAttached=Yes; Closed=Yes; 
% Units: mm
% begin
-5.3081 33.5061 12.9350 
-4.8600 33.6472 12.7617 
-4.6115 33.7212 12.7078 
-4.1394 33.9192 12.6087 
-4.1113 33.9339 12.6029 
-4.0338 33.9718 12.6004 
-3.4733 34.2855 12.5877 
-3.4678 34.2896 12.5878 
-2.4068 35.0423 12.7368 
-2.3517 35.0782 12.7490 
-2.2856 35.1223 12.7615 
-1.5951 35.3372 12.8198 
-1.1393 35.4681 12.8548 
-0.5301 35.6375 12.9207 
0.0461 35.7948 12.9821 
0.0615 35.7973 12.9831 
0.8477 35.9199 13.0393 
1.2130 35.9721 13.0637 
1.4684 36.0092 13.0790 
1.6919 36.0104 13.0805 
1.7866 36.0173 13.0648 
2.4892 36.2014 13.1053 
2.6952 36.2477 13.1100 
2.8123 36.2720 13.1154 
3.1886 36.5065 13.2444 
3.4711 36.6869 13.3443 
3.5269 36.7253 13.3660 
4.0873 37.0880 13.6128 
4.1222 37.0915 13.6359 
4.1571 37.1013 13.6407 
4.7108 37.2621 13.7134 
4.8173 37.2990 13.7339 
4.8322 37.3038 13.7372 
5.9089 37.5185 13.8512 
6.2426 37.5927 13.8942 
6.2660 37.5968 13.8984 
6.7211 37.6417 13.9450 
6.7442 37.6424 13.9491 
7.0339 37.6736 14.0204 
7.3328 37.6542 14.0489 
7.6458 37.6111 14.1086 
8.8243 37.5338 14.3267 
8.8424 37.5426 14.3210 
8.8806 37.5418 14.3318 
8.9165 37.5439 14.3452 
9.0105 37.5620 14.3707 
9.0979 37.5895 14.3774 
10.2459 37.5700 14.7342 
11.2219 37.5803 15.0963 
11.4873 37.5748 15.2017 
11.8086 37.5406 15.2988 
12.2694 37.4901 15.4931 
12.4527 37.4521 15.5815 
13.7779 37.2082 16.2660 
14.2471 37.1108 16.5116 
14.2890 37.1079 16.5441 
14.5704 37.0014 16.8310 
14.5812 36.9773 16.8580 
14.8635 36.7211 17.2272 
15.1087 36.5685 17.6657 
15.2421 36.4723 17.8820 
15.2726 36.4479 17.9257 
15.2884 36.4286 17.9527 
15.3216 36.3849 18.0353 
15.5203 36.1223 18.5323 
15.6250 35.9874 18.7675 
15.6311 35.9794 18.7821 
15.6784 35.8814 18.9317 
15.8582 35.5047 19.5148 
15.8701 35.4494 19.5855 
15.8942 35.2023 19.9793 
15.9603 34.8664 20.4227 
15.9921 34.7260 20.6418 
15.9675 34.4056 21.0652 
15.9941 34.0965 21.2811 
15.9936 34.0720 21.3081 
15.8611 33.7615 21.5950 
15.8596 33.7100 21.6198 
15.8428 33.6748 21.6332 
15.6862 33.3656 21.7710 
15.6539 33.3054 21.8022 
15.5971 33.2100 21.8504 
15.4100 32.8447 21.9628 
15.1475 32.3254 22.0585 
15.0943 32.2107 22.0699 
14.7396 31.5181 22.1348 
14.5904 31.2400 22.1584 
14.5093 31.0762 22.1575 
14.4911 31.0400 22.1580 
14.1527 30.3795 22.1635 
14.1350 30.3427 22.1606 
14.0761 30.2230 22.1505 
13.9626 30.0033 22.1476 
13.6885 29.4763 22.1456 
13.6367 29.3854 22.1439 
13.4642 29.0823 22.1383 
13.3462 28.9065 22.1299 
13.3239 28.8730 22.1280 
13.0978 28.5742 22.1020 
12.9603 28.3965 22.0937 
12.6891 28.0442 22.0775 
12.4392 27.7065 22.0420 
12.4158 27.6785 22.0443 
12.1388 27.3247 22.0787 
12.0283 27.1783 22.0843 
11.9958 27.1238 22.0885 
11.7289 26.6639 22.1042 
11.7086 26.6325 22.1099 
11.3171 25.8911 22.2673 
11.2079 25.6782 22.3038 
11.2004 25.6646 22.3077 
11.1342 25.5130 22.3527 
10.8266 24.8237 22.5803 
10.7794 24.7192 22.6168 
10.7203 24.5402 22.6827 
10.5442 24.0365 22.9134 
10.5409 24.0274 22.9175 
10.4447 23.5930 23.1218 
10.4008 23.4018 23.2246 
10.3926 23.3662 23.2443 
10.3785 23.2323 23.3187 
10.3547 23.0048 23.4434 
10.3556 22.9750 23.4598 
10.3602 22.8295 23.5569 
10.3604 22.8243 23.5604 
10.3832 22.6714 23.6624 
10.3932 22.6089 23.7101 
10.3947 22.6003 23.7178 
10.4215 22.4772 23.8278 
10.4242 22.4647 23.8388 
10.4260 22.4557 23.8468 
10.4285 22.4456 23.8581 
10.4447 22.3824 23.9332 
10.4584 22.3274 23.9987 
10.4772 22.2605 24.0907 
10.4883 22.2272 24.1361 
10.4945 22.2083 24.1607 
10.5023 22.1871 24.1881 
10.5421 22.0864 24.3298 
10.5562 22.0513 24.3799 
10.5577 22.0475 24.3848 
10.5623 22.0336 24.4033 
10.6018 21.9227 24.5560 
10.6052 21.9119 24.5693 
10.6212 21.8408 24.6583 
10.6244 21.8256 24.6765 
10.6249 21.8194 24.6840 
10.6271 21.7755 24.7240 
10.6293 21.7351 24.7629 
10.6292 21.7246 24.7730 
10.6280 21.6797 24.8002 
10.6266 21.6220 24.8349 
10.6264 21.6180 24.8372 
10.6234 21.5719 24.8549 
10.6197 21.5139 24.8761 
10.6193 21.5070 24.8772 
10.6197 21.4486 24.8859 
10.6199 21.4199 24.8897 
10.6205 21.4005 24.8922 
10.6231 21.3318 24.8948 
10.6265 21.2391 24.8983 
10.6266 21.2360 24.8983 
10.6328 21.1114 24.8949 
10.6361 21.0454 24.8931 
10.6366 21.0349 24.8926 
10.6426 20.8906 24.8845 
10.6454 20.8221 24.8806 
10.6465 20.6069 24.8652 
10.6468 20.5640 24.8620 
10.6463 20.5536 24.8612 
10.6295 20.1905 24.8322 
10.6279 20.1554 24.8293 
10.6263 20.1394 24.8279 
10.5591 19.4901 24.7732 
10.5522 19.4230 24.7675 
10.5516 19.4173 24.7670 
10.5409 19.3504 24.7614 
10.3923 18.4253 24.6832 
10.3861 18.3869 24.6800 
10.3318 18.1438 24.6594 
10.2119 17.6085 24.6141 
10.1738 17.4380 24.5996 
10.1137 17.2258 24.5815 
9.9422 16.6203 24.5297 
9.8672 16.3555 24.5072 
9.8596 16.3282 24.5048 
9.5762 15.4611 24.4299 
9.5520 15.3870 24.4236 
9.5325 15.3338 24.4190 
9.4277 15.0488 24.3949 
9.2202 14.4846 24.3471 
9.2046 14.4476 24.3440 
8.8532 13.6203 24.2744 
8.8473 13.6065 24.2732 
8.8373 13.5873 24.2715 
8.7272 13.3774 24.2535 
8.3152 12.5919 24.1859 
8.2708 12.5331 24.1807 
8.2164 12.4612 24.1744 
7.9063 12.0510 24.1382 
7.6341 11.8814 24.1216 
7.2337 11.7860 24.1095 
7.2045 11.7791 24.1086 
7.1881 11.7752 24.1081 
6.5990 11.6349 24.0896 
6.1037 11.5820 24.0793 
5.7375 11.5429 24.0716 
5.7098 11.5398 24.0712 
5.6614 11.5347 24.0702 
5.0241 11.5331 24.0620 
4.9810 11.5349 24.0616 
4.4825 11.5559 24.0573 
4.2516 11.5655 24.0554 
4.2311 11.5664 24.0552 
3.9555 11.5742 24.0527 
3.5811 11.5848 24.0486 
3.5416 11.5836 24.0480 
3.1560 11.5718 24.0421 
2.8868 11.5635 24.0378 
2.8654 11.5618 24.0374 
2.5802 11.5391 24.0317 
1.8722 11.4828 24.0161 
1.6162 11.4624 24.0101 
1.4852 11.4473 24.0067 
0.3509 11.3164 23.9751 
0.1927 11.2982 23.9708 
0.1258 11.2889 23.9687 
-0.4920 11.2030 23.9490 
-1.2241 11.1013 23.9252 
-1.3093 11.0895 23.9223 
-1.5078 11.0566 23.9151 
-2.5916 10.8767 23.8779 
-2.6045 10.8742 23.8773 
-3.1614 10.7654 23.8572 
-3.8098 10.6387 23.8340 
-3.8831 10.6211 23.8311 
-4.6725 10.4318 23.8007 
-5.0165 10.3493 23.7870 
-5.1978 10.2995 23.7792 
-6.2268 10.0165 23.7371 
-6.3938 9.9705 23.7299 
-6.4828 9.9448 23.7260 
-7.0764 9.7735 23.6993 
-7.8129 9.5610 23.6660 
-7.9236 9.5290 23.6614 
-8.0626 9.4954 23.6561 
-8.6009 9.3654 23.6360 
-8.8878 9.2962 23.6245 
-9.0820 9.2927 23.6208 
-9.2004 9.2906 23.6183 
-10.1116 9.5283 23.6227 
-10.1134 9.5291 23.6228 
-10.1146 9.5297 23.6228 
-11.3188 10.0555 23.6506 
-11.3491 10.0864 23.6528 
-11.5445 10.2858 23.6688 
-11.5727 10.3546 23.6747 
-11.9084 11.1761 23.7400 
-12.0707 11.5731 23.7718 
-12.0790 11.5935 23.7733 
-12.1278 11.8281 23.7923 
-12.2918 12.6157 23.8552 
-12.2981 12.8467 23.8744 
-12.3196 13.6261 23.9389 
-12.3254 13.8366 23.9563 
-12.2903 14.1727 23.9850 
-12.2229 14.8163 24.0404 
-12.2174 14.8690 24.0448 
-12.0972 15.4193 24.0918 
-12.0695 15.5462 24.1027 
-12.0639 15.5718 24.1049 
-11.9985 15.7963 24.1242 
-11.8878 16.1773 24.1569 
-11.8825 16.1952 24.1582 
-11.8131 16.4213 24.1756 
-11.7205 16.7226 24.1997 
-11.6956 16.8039 24.2052 
-11.6536 16.9689 24.2163 
-11.5952 17.1988 24.2318 
-11.5888 17.2241 24.2331 
-11.5410 17.5143 24.2478 
-11.5279 17.5939 24.2522 
-11.5276 17.5981 24.2523 
-11.5193 17.7199 24.2567 
-11.5006 17.9967 24.2665 
-11.5007 17.9996 24.2666 
-11.5018 18.1435 24.2687 
-11.5033 18.3681 24.2734 
-11.5053 18.3995 24.2740 
-11.5248 18.7071 24.2696 
-11.5305 18.7986 24.2708 
-11.5372 18.8736 24.2721 
-11.5546 19.0644 24.2685 
-11.5741 19.2738 24.2597 
-11.5769 19.2983 24.2586 
-11.6074 19.5784 24.2489 
-11.6101 19.6026 24.2470 
-11.6263 19.7406 24.2365 
-11.6497 19.9424 24.2235 
-11.6529 19.9703 24.2219 
-11.6616 20.0473 24.2175 
-11.6934 20.3092 24.1908 
-11.6940 20.3145 24.1904 
-11.6943 20.3169 24.1901 
-11.6966 20.3350 24.1877 
-11.7302 20.6061 24.1526 
-11.7346 20.6394 24.1468 
-11.7406 20.6819 24.1395 
-11.7756 20.9410 24.1002 
-11.7762 20.9449 24.0995 
-11.7924 21.0510 24.0805 
-11.8153 21.2071 24.0558 
-11.8179 21.2225 24.0535 
-11.8557 21.4441 24.0174 
-11.8680 21.5145 24.0050 
-11.8698 21.5246 24.0035 
-11.8911 21.6421 23.9869 
-11.9296 21.8549 23.9573 
-11.9384 21.9062 23.9517 
-11.9424 21.9284 23.9493 
-12.0189 22.3483 23.9041 
-12.0610 22.5780 23.8786 
-12.0688 22.6201 23.8734 
-12.0704 22.6280 23.8724 
-12.0847 22.7038 23.8636 
-12.1808 23.2342 23.8135 
-12.1810 23.2358 23.8133 
-12.2241 23.4909 23.7976 
-12.2590 23.7027 23.7864 
-12.2654 23.7411 23.7845 
-12.2758 23.8033 23.7813 
-12.3238 24.1253 23.7775 
-12.3565 24.3384 23.7729 
-12.3583 24.3496 23.7725 
-12.3652 24.3928 23.7711 
-12.3879 24.5534 23.7725 
-12.4321 24.8677 23.7755 
-12.4327 24.8718 23.7756 
-12.4845 25.3583 23.7926 
-12.4912 25.4233 23.7952 
-12.4935 25.4572 23.7959 
-12.4996 25.5793 23.8022 
-12.5280 26.0822 23.8220 
-12.5271 26.1463 23.8221 
-12.5141 26.4985 23.8376 
-12.5087 26.6685 23.8435 
-12.4940 26.7845 23.8414 
-12.4374 27.1542 23.8507 
-12.4248 27.2370 23.8528 
-12.3742 27.4322 23.8455 
-12.3021 27.6879 23.8449 
-12.3002 27.6947 23.8448 
-12.1234 28.1726 23.8169 
-12.1167 28.1908 23.8157 
-12.1118 28.2030 23.8145 
-12.1050 28.2202 23.8125 
-11.9746 28.5391 23.7817 
-11.9077 28.7001 23.7652 
-11.8663 28.8105 23.7487 
-11.8563 28.8361 23.7452 
-11.7367 29.1699 23.7078 
-11.7295 29.1919 23.7059 
-11.6697 29.4042 23.6767 
-11.6065 29.6251 23.6475 
-11.6006 29.6488 23.6433 
-11.5656 29.8234 23.6210 
-11.5584 29.8629 23.6166 
-11.5185 30.0913 23.5898 
-11.4699 30.4077 23.5459 
-11.4660 30.4340 23.5420 
-11.3652 30.9532 23.4412 
-11.3504 31.0425 23.4211 
-11.1838 31.7000 23.2144 
-11.1419 31.8764 23.1560 
-11.1361 31.8926 23.1487 
-11.0795 32.0441 23.0837 
-10.7997 32.7582 22.7924 
-10.5926 33.1055 22.5876 
-10.5138 33.2376 22.5096 
-10.4807 33.2912 22.4794 
-10.2656 33.5077 22.2889 
-9.8713 33.9330 21.8874 
-9.7886 34.0438 21.8055 
-9.6423 34.2541 21.6342 
-9.5422 34.4696 21.3862 
-9.4815 34.5100 21.2992 
-9.4024 34.5555 21.0841 
-9.3251 34.6340 20.5333 
-9.2994 34.6526 20.4548 
-9.1259 34.7366 19.9700 
-9.1078 34.7454 19.9058 
-9.0047 34.7847 19.5537 
-8.9432 34.7966 19.1733 
-8.9396 34.7965 19.1405 
-8.8985 34.7789 18.8995 
-8.7482 34.7319 18.3542 
-8.6334 34.6658 17.7727 
-8.6124 34.6607 17.6943 
-8.5957 34.6550 17.6367 
-8.5759 34.5436 17.2040 
-8.4797 34.4670 16.8851 
-8.4390 34.3967 16.6736 
-8.4240 34.3795 16.6132 
-8.3103 34.2509 16.2463 
-8.3074 34.2289 16.1743 
-8.3060 34.2230 16.1642 
-8.2927 34.2054 16.1274 
-8.1841 33.9798 15.6989 
-8.1576 33.9487 15.6316 
-7.9466 33.6948 15.1397 
-7.8650 33.6142 14.9944 
-7.7764 33.5270 14.8354 
-7.5525 33.4468 14.5977 
-7.3556 33.3207 14.3326 
-7.1706 33.2975 14.1277 
-6.9995 33.2589 13.9763 
-6.8693 33.2662 13.8868 
-6.5392 33.2722 13.6507 
-6.2784 33.2815 13.4513 
-6.0074 33.3651 13.2760 
-5.7632 33.4269 13.1532 
-5.5188 33.4435 13.0228 
-5.4592 33.4618 12.9934 
-5.3081 33.5061 12.9350 
% end
